[s[?25l[48;2;109;118;151m[38;2;114;122;153m▄[48;2;111;119;152m[38;2;115;123;155m▄[48;2;112;118;152m[38;2;117;124;157m▄[48;2;113;122;154m[38;2;119;126;155m▄[48;2;113;122;154m[38;2;120;127;157m▄[48;2;114;123;155m[38;2;121;128;158m▄[48;2;117;123;155m[38;2;122;129;158m▄[48;2;118;124;155m[38;2;122;129;158m▄[48;2;118;124;156m[38;2;122;129;158m▄[48;2;119;126;157m[38;2;124;131;159m▄[48;2;120;126;157m[38;2;123;130;159m▄[48;2;120;126;157m[38;2;125;132;160m▄[48;2;119;128;157m[38;2;125;132;160m▄[48;2;120;128;158m[38;2;126;133;161m▄[48;2;120;129;159m[38;2;126;133;162m▄[48;2;123;130;160m[38;2;126;133;161m▄[48;2;123;130;160m[38;2;128;134;162m▄[48;2;123;131;160m[38;2;128;134;163m▄[48;2;124;132;161m[38;2;129;135;164m▄[48;2;124;132;161m[38;2;129;135;164m▄[48;2;125;132;161m[38;2;129;136;164m▄[48;2;125;133;161m[38;2;130;136;164m▄[48;2;125;133;160m[38;2;130;137;165m▄[48;2;126;133;161m[38;2;130;137;164m▄[48;2;127;133;162m[38;2;132;137;166m▄[48;2;126;133;161m[38;2;131;136;165m▄[48;2;127;134;162m[38;2;131;137;165m▄[48;2;126;133;161m[38;2;131;137;165m▄[48;2;126;133;161m[38;2;131;137;165m▄[48;2;126;133;161m[38;2;131;137;166m▄[48;2;126;133;161m[38;2;131;137;165m▄[48;2;126;133;162m[38;2;131;138;165m▄[48;2;126;133;162m[38;2;131;137;165m▄[48;2;125;132;161m[38;2;130;137;165m▄[48;2;125;132;161m[38;2;131;137;165m▄[48;2;126;132;161m[38;2;131;136;165m▄[48;2;125;132;161m[38;2;130;135;164m▄[48;2;124;131;160m[38;2;130;135;164m▄[48;2;124;131;160m[38;2;130;135;164m▄[48;2;124;131;160m[38;2;129;136;164m▄[48;2;124;131;160m[38;2;129;135;163m▄[48;2;123;130;159m[38;2;128;134;162m▄[48;2;123;130;159m[38;2;127;134;162m▄[48;2;122;129;159m[38;2;126;133;162m▄[48;2;122;129;159m[38;2;126;133;161m▄[48;2;121;128;158m[38;2;125;132;161m▄[48;2;120;127;157m[38;2;125;132;160m▄[48;2;119;126;157m[38;2;124;131;160m▄[48;2;119;125;157m[38;2;122;130;158m▄[48;2;117;124;156m[38;2;121;129;158m▄[48;2;114;123;155m[38;2;121;128;157m▄[48;2;113;122;155m[38;2;118;127;158m▄[48;2;112;121;154m[38;2;117;126;157m▄[48;2;111;121;155m[38;2;116;126;157m▄[48;2;109;119;153m[38;2;115;124;155m▄[48;2;109;119;153m[38;2;113;123;155m▄[48;2;107;117;152m[38;2;112;122;154m▄[48;2;107;117;151m[38;2;112;122;155m▄[48;2;107;117;152m[38;2;111;121;154m▄[48;2;105;115;150m[38;2;108;118;152m▄[m
[48;2;120;127;156m[38;2;126;132;160m▄[48;2;122;128;157m[38;2;126;132;161m▄[48;2;122;129;158m[38;2;128;133;161m▄[48;2;123;130;158m[38;2;129;134;162m▄[48;2;124;131;160m[38;2;130;135;164m▄[48;2;125;132;161m[38;2;131;136;165m▄[48;2;128;134;162m[38;2;132;138;165m▄[48;2;128;134;162m[38;2;132;138;165m▄[48;2;128;135;163m[38;2;134;139;167m▄[48;2;128;135;163m[38;2;134;140;167m▄[48;2;129;136;164m[38;2;134;140;166m▄[48;2;129;136;164m[38;2;135;141;167m▄[48;2;130;137;164m[38;2;135;141;167m▄[48;2;131;138;165m[38;2;136;142;167m▄[48;2;131;138;166m[38;2;136;142;168m▄[48;2;132;139;165m[38;2;137;143;169m▄[48;2;131;138;165m[38;2;137;143;169m▄[48;2;133;140;166m[38;2;138;144;170m▄[48;2;133;140;166m[38;2;139;145;170m▄[48;2;133;140;166m[38;2;139;145;170m▄[48;2;134;141;167m[38;2;139;145;170m▄[48;2;135;141;168m[38;2;140;146;170m▄[48;2;140;144;169m[38;2;143;148;171m▄[48;2;140;145;170m[38;2;142;147;171m▄[48;2;136;142;168m[38;2;141;147;169m▄[48;2;136;142;168m[38;2;141;147;170m▄[48;2;137;143;168m[38;2;141;147;170m▄[48;2;137;143;168m[38;2;142;146;171m▄[48;2;136;142;168m[38;2;141;146;170m▄[48;2;136;142;167m[38;2;141;147;170m▄[48;2;137;143;168m[38;2;141;146;170m▄[48;2;136;142;168m[38;2;142;146;171m▄[48;2;136;142;168m[38;2;142;146;170m▄[48;2;136;142;167m[38;2;142;146;171m▄[48;2;136;142;167m[38;2;142;146;171m▄[48;2;136;142;167m[38;2;142;146;172m▄[48;2;136;141;168m[38;2;140;146;171m▄[48;2;135;141;168m[38;2;140;146;171m▄[48;2;135;141;168m[38;2;140;146;171m▄[48;2;134;141;167m[38;2;140;146;170m▄[48;2;134;141;167m[38;2;139;145;170m▄[48;2;134;140;167m[38;2;139;145;170m▄[48;2;132;139;166m[38;2;138;144;170m▄[48;2;132;139;165m[38;2;138;144;169m▄[48;2;131;138;164m[38;2;137;143;169m▄[48;2;130;137;165m[38;2;135;142;167m▄[48;2;130;137;165m[38;2;135;141;167m▄[48;2;129;136;163m[38;2;134;140;167m▄[48;2;128;135;163m[38;2;134;140;167m▄[48;2;127;134;162m[38;2;133;138;166m▄[48;2;126;133;161m[38;2;132;138;166m▄[48;2;125;132;161m[38;2;131;138;165m▄[48;2;123;131;160m[38;2;129;136;164m▄[48;2;122;131;159m[38;2;129;136;164m▄[48;2;121;129;159m[38;2;127;134;162m▄[48;2;119;129;158m[38;2;126;133;161m▄[48;2;118;128;157m[38;2;125;132;161m▄[48;2;116;127;156m[38;2;122;130;159m▄[48;2;116;126;156m[38;2;123;131;160m▄[48;2;114;123;155m[38;2;122;129;159m▄[m
[48;2;130;136;164m[38;2;141;144;169m▄[48;2;132;137;165m[38;2;141;145;169m▄[48;2;133;138;165m[38;2;141;144;169m▄[48;2;133;139;166m[38;2;141;144;169m▄[48;2;134;140;166m[38;2;141;145;169m▄[48;2;135;141;167m[38;2;141;145;169m▄[48;2;136;141;166m[38;2;141;146;169m▄[48;2;137;142;167m[38;2;142;147;169m▄[48;2;138;143;168m[38;2;142;147;170m▄[48;2;138;144;169m[38;2;143;148;171m▄[48;2;139;144;169m[38;2;143;148;171m▄[48;2;139;145;169m[38;2;144;149;172m▄[48;2;141;146;170m[38;2;144;149;171m▄[48;2;141;146;170m[38;2;145;150;172m▄[48;2;141;146;171m[38;2;145;150;173m▄[48;2;141;147;171m[38;2;146;151;173m▄[48;2;141;147;171m[38;2;146;151;173m▄[48;2;141;147;171m[38;2;147;152;174m▄[48;2;142;148;171m[38;2;147;152;174m▄[48;2;143;149;172m[38;2;148;153;174m▄[48;2;144;150;172m[38;2;148;153;174m▄[48;2;150;152;173m[38;2;148;154;175m▄[48;2;159;160;179m[38;2;148;154;174m▄[48;2;147;151;172m[38;2;149;154;175m▄[48;2;145;151;173m[38;2;150;155;175m▄[48;2;145;151;173m[38;2;150;155;176m▄[48;2;145;151;173m[38;2;150;155;176m▄[48;2;146;151;173m[38;2;150;155;176m▄[48;2;145;150;172m[38;2;151;156;176m▄[48;2;145;151;173m[38;2;150;155;176m▄[48;2;146;151;173m[38;2;151;156;177m▄[48;2;147;152;174m[38;2;150;155;176m▄[48;2;146;151;173m[38;2;151;156;176m▄[48;2;146;151;173m[38;2;150;155;176m▄[48;2;146;151;173m[38;2;151;156;176m▄[48;2;146;151;173m[38;2;150;155;176m▄[48;2;145;150;173m[38;2;150;155;175m▄[48;2;145;150;173m[38;2;150;155;175m▄[48;2;145;150;173m[38;2;150;155;175m▄[48;2;144;150;172m[38;2;149;154;175m▄[48;2;144;149;172m[38;2;149;154;175m▄[48;2;144;149;172m[38;2;148;153;174m▄[48;2;143;148;172m[38;2;148;153;174m▄[48;2;142;147;172m[38;2;147;152;174m▄[48;2;141;147;171m[38;2;146;151;173m▄[48;2;140;148;171m[38;2;145;150;173m▄[48;2;139;147;170m[38;2;144;150;172m▄[48;2;139;145;169m[38;2;143;149;172m▄[48;2;138;144;169m[38;2;142;148;172m▄[48;2;137;143;168m[38;2;141;147;171m▄[48;2;136;142;168m[38;2;141;147;170m▄[48;2;134;141;167m[38;2;139;147;171m▄[48;2;134;141;167m[38;2;138;146;170m▄[48;2;133;140;167m[38;2;137;145;169m▄[48;2;131;138;166m[38;2;136;143;168m▄[48;2;131;138;166m[38;2;134;142;167m▄[48;2;129;136;164m[38;2;134;141;166m▄[48;2;129;136;164m[38;2;133;140;166m▄[48;2;128;135;163m[38;2;132;139;166m▄[48;2;126;133;162m[38;2;130;137;165m▄[m
[48;2;141;146;168m[38;2;144;149;171m▄[48;2;143;148;170m[38;2;145;150;172m▄[48;2;145;150;172m[38;2;146;151;172m▄[48;2;147;150;173m[38;2;146;151;173m▄[48;2;149;152;174m[38;2;147;152;173m▄[48;2;149;152;173m[38;2;147;152;172m▄[48;2;147;152;172m[38;2;149;154;174m▄[48;2;147;152;172m[38;2;149;154;174m▄[48;2;147;152;172m[38;2;150;155;175m▄[48;2;147;152;173m[38;2;150;155;175m▄[48;2;148;153;174m[38;2;151;156;175m▄[48;2;148;153;174m[38;2;152;157;176m▄[48;2;149;154;174m[38;2;152;157;177m▄[48;2;149;154;174m[38;2;152;157;177m▄[48;2;149;154;174m[38;2;152;157;177m▄[48;2;149;154;174m[38;2;153;158;177m▄[48;2;150;155;175m[38;2;153;158;178m▄[48;2;151;156;176m[38;2;154;159;178m▄[48;2;151;156;176m[38;2;154;159;178m▄[48;2;152;157;177m[38;2;154;159;178m▄[48;2;152;157;177m[38;2;155;160;179m▄[48;2;152;157;176m[38;2;155;160;179m▄[48;2;153;158;177m[38;2;156;161;180m▄[48;2;153;158;178m[38;2;156;161;180m▄[48;2;153;158;178m[38;2;157;162;181m▄[48;2;153;158;178m[38;2;157;162;181m▄[48;2;153;158;177m[38;2;157;162;181m▄[48;2;154;159;178m[38;2;157;162;181m▄[48;2;154;159;178m[38;2;157;162;181m▄[48;2;154;159;179m[38;2;157;162;181m▄[48;2;154;159;179m[38;2;157;162;181m▄[48;2;154;159;179m[38;2;157;162;181m▄[48;2;154;159;179m[38;2;157;162;181m▄[48;2;154;159;178m[38;2;157;162;181m▄[48;2;154;159;178m[38;2;157;162;181m▄[48;2;154;159;179m[38;2;157;162;181m▄[48;2;154;159;179m[38;2;157;162;181m▄[48;2;154;159;179m[38;2;157;162;181m▄[48;2;153;158;178m[38;2;156;161;180m▄[48;2;153;158;177m[38;2;156;161;180m▄[48;2;152;157;177m[38;2;156;161;180m▄[48;2;152;157;177m[38;2;155;160;179m▄[48;2;151;156;176m[38;2;154;159;179m▄[48;2;151;156;176m[38;2;154;159;179m▄[48;2;151;156;176m[38;2;154;159;178m▄[48;2;150;155;176m[38;2;153;158;177m▄[48;2;149;154;175m[38;2;153;158;177m▄[48;2;148;153;175m[38;2;152;157;177m▄[48;2;147;152;174m[38;2;151;156;176m▄[48;2;146;151;173m[38;2;150;155;175m▄[48;2;144;150;173m[38;2;149;154;175m▄[48;2;143;149;172m[38;2;147;153;174m▄[48;2;143;149;172m[38;2;146;152;174m▄[48;2;142;148;171m[38;2;145;151;173m▄[48;2;141;147;171m[38;2;144;150;172m▄[48;2;140;147;170m[38;2;144;150;172m▄[48;2;138;146;170m[38;2;142;149;171m▄[48;2;138;144;170m[38;2;141;147;171m▄[48;2;138;144;170m[38;2;141;147;171m▄[48;2;136;142;169m[38;2;140;146;170m▄[m
[48;2;148;153;173m[38;2;154;157;176m▄[48;2;149;154;174m[38;2;155;158;177m▄[48;2;149;154;174m[38;2;155;158;177m▄[48;2;150;155;175m[38;2;156;159;178m▄[48;2;151;156;176m[38;2;156;160;179m▄[48;2;152;157;176m[38;2;155;160;179m▄[48;2;152;157;176m[38;2;156;161;180m▄[48;2;153;158;177m[38;2;157;162;180m▄[48;2;154;159;178m[38;2;157;162;181m▄[48;2;154;159;178m[38;2;158;163;182m▄[48;2;155;160;179m[38;2;159;164;183m▄[48;2;155;160;179m[38;2;159;164;183m▄[48;2;155;161;179m[38;2;159;165;183m▄[48;2;156;161;180m[38;2;159;164;183m▄[48;2;156;161;180m[38;2;160;165;183m▄[48;2;156;161;180m[38;2;160;165;184m▄[48;2;157;162;181m[38;2;160;165;184m▄[48;2;157;162;181m[38;2;160;166;184m▄[48;2;158;163;182m[38;2;161;166;184m▄[48;2;158;163;182m[38;2;161;167;184m▄[48;2;159;164;183m[38;2;162;168;184m▄[48;2;159;164;183m[38;2;162;168;185m▄[48;2;159;164;183m[38;2;162;168;185m▄[48;2;159;164;183m[38;2;163;169;185m▄[48;2;160;165;184m[38;2;164;169;185m▄[48;2;160;165;184m[38;2;163;169;185m▄[48;2;160;165;184m[38;2;164;170;186m▄[48;2;160;165;184m[38;2;164;169;186m▄[48;2;160;165;184m[38;2;164;169;186m▄[48;2;161;166;185m[38;2;164;169;186m▄[48;2;160;165;184m[38;2;164;170;186m▄[48;2;161;166;185m[38;2;164;170;186m▄[48;2;160;165;184m[38;2;164;169;187m▄[48;2;160;165;184m[38;2;163;169;185m▄[48;2;160;165;184m[38;2;163;169;185m▄[48;2;160;165;184m[38;2;163;169;186m▄[48;2;160;165;184m[38;2;162;169;186m▄[48;2;160;165;184m[38;2;162;168;185m▄[48;2;159;164;183m[38;2;162;168;185m▄[48;2;159;164;183m[38;2;162;167;186m▄[48;2;159;164;183m[38;2;162;167;186m▄[48;2;158;163;182m[38;2;161;167;185m▄[48;2;158;163;182m[38;2;161;166;185m▄[48;2;157;162;181m[38;2;161;166;185m▄[48;2;157;162;181m[38;2;161;166;185m▄[48;2;156;161;180m[38;2;160;165;184m▄[48;2;156;161;180m[38;2;159;164;183m▄[48;2;155;160;179m[38;2;159;164;183m▄[48;2;154;159;178m[38;2;158;163;182m▄[48;2;154;159;178m[38;2;157;162;181m▄[48;2;153;158;177m[38;2;156;161;180m▄[48;2;152;157;177m[38;2;155;160;179m▄[48;2;151;156;176m[38;2;155;160;179m▄[48;2;151;156;176m[38;2;154;159;178m▄[48;2;149;154;175m[38;2;153;158;177m▄[48;2;147;153;174m[38;2;152;157;176m▄[48;2;145;151;173m[38;2;150;155;175m▄[48;2;145;151;172m[38;2;150;155;176m▄[48;2;145;151;173m[38;2;150;155;176m▄[48;2;143;149;172m[38;2;148;153;175m▄[m
[48;2;157;160;179m[38;2;161;164;181m▄[48;2;158;161;180m[38;2;161;164;182m▄[48;2;158;161;180m[38;2;161;164;182m▄[48;2;159;162;181m[38;2;162;165;182m▄[48;2;159;163;182m[38;2;163;166;183m▄[48;2;159;164;183m[38;2;165;167;184m▄[48;2;161;166;183m[38;2;165;168;184m▄[48;2;161;166;183m[38;2;166;169;185m▄[48;2;161;167;183m[38;2;167;170;185m▄[48;2;162;167;185m[38;2;167;170;186m▄[48;2;163;167;185m[38;2;168;171;186m▄[48;2;163;168;186m[38;2;168;171;187m▄[48;2;163;168;184m[38;2;168;172;186m▄[48;2;164;169;185m[38;2;169;172;187m▄[48;2;163;168;184m[38;2;169;172;188m▄[48;2;164;168;186m[38;2;170;173;188m▄[48;2;164;169;186m[38;2;169;173;188m▄[48;2;164;170;186m[38;2;167;173;188m▄[48;2;165;170;186m[38;2;170;173;187m▄[48;2;165;170;187m[38;2;170;173;187m▄[48;2;165;170;186m[38;2;170;173;187m▄[48;2;166;171;186m[38;2;171;174;189m▄[48;2;167;171;186m[38;2;171;174;189m▄[48;2;167;171;187m[38;2;171;174;189m▄[48;2;168;171;188m[38;2;171;174;189m▄[48;2;168;171;187m[38;2;171;174;189m▄[48;2;169;172;188m[38;2;171;174;189m▄[48;2;169;172;187m[38;2;171;174;189m▄[48;2;169;172;188m[38;2;171;174;189m▄[48;2;169;172;188m[38;2;171;174;189m▄[48;2;168;172;188m[38;2;171;174;189m▄[48;2;168;172;187m[38;2;172;175;190m▄[48;2;169;172;187m[38;2;172;175;190m▄[48;2;167;173;188m[38;2;169;175;189m▄[48;2;166;172;187m[38;2;169;175;189m▄[48;2;166;172;187m[38;2;169;175;189m▄[48;2;167;172;186m[38;2;169;175;189m▄[48;2;166;172;187m[38;2;169;175;189m▄[48;2;165;171;187m[38;2;168;174;189m▄[48;2;165;170;188m[38;2;168;174;188m▄[48;2;165;170;187m[38;2;168;174;189m▄[48;2;164;170;186m[38;2;168;174;188m▄[48;2;164;170;186m[38;2;167;173;188m▄[48;2;164;170;187m[38;2;167;173;187m▄[48;2;163;169;187m[38;2;167;173;188m▄[48;2;163;169;186m[38;2;166;172;186m▄[48;2;162;168;186m[38;2;166;172;187m▄[48;2;162;167;185m[38;2;165;171;187m▄[48;2;161;166;185m[38;2;165;171;186m▄[48;2;160;165;184m[38;2;164;170;185m▄[48;2;160;165;184m[38;2;163;169;185m▄[48;2;159;164;183m[38;2;162;168;185m▄[48;2;158;163;182m[38;2;161;167;184m▄[48;2;157;162;180m[38;2;161;166;185m▄[48;2;156;161;180m[38;2;160;165;184m▄[48;2;155;160;179m[38;2;159;164;183m▄[48;2;154;159;179m[38;2;157;162;181m▄[48;2;153;158;177m[38;2;156;161;180m▄[48;2;153;158;178m[38;2;156;161;180m▄[48;2;151;156;176m[38;2;155;160;180m▄[m
[48;2;168;170;185m[38;2;175;175;188m▄[48;2;169;171;186m[38;2;175;176;189m▄[48;2;169;171;186m[38;2;174;176;189m▄[48;2;169;171;186m[38;2;174;176;189m▄[48;2;169;171;186m[38;2;175;177;190m▄[48;2;170;172;187m[38;2;176;178;191m▄[48;2;171;173;186m[38;2;176;178;191m▄[48;2;173;175;188m[38;2;177;179;191m▄[48;2;173;175;188m[38;2;177;179;191m▄[48;2;172;176;189m[38;2;177;180;191m▄[48;2;173;176;189m[38;2;178;181;192m▄[48;2;173;176;190m[38;2;178;181;192m▄[48;2;173;177;190m[38;2;177;180;192m▄[48;2;173;177;190m[38;2;177;181;192m▄[48;2;173;177;190m[38;2;177;181;192m▄[48;2;173;177;190m[38;2;178;182;193m▄[48;2;174;177;191m[38;2;178;182;193m▄[48;2;174;177;191m[38;2;178;182;193m▄[48;2;174;178;191m[38;2;177;181;193m▄[48;2;174;178;191m[38;2;178;182;193m▄[48;2;174;178;190m[38;2;178;182;193m▄[48;2;174;178;190m[38;2;177;181;193m▄[48;2;174;178;190m[38;2;177;181;193m▄[48;2;175;179;191m[38;2;177;181;193m▄[48;2;174;178;191m[38;2;177;181;193m▄[48;2;174;178;191m[38;2;177;181;193m▄[48;2;174;178;190m[38;2;178;182;193m▄[48;2;174;178;190m[38;2;178;182;193m▄[48;2;174;178;190m[38;2;178;182;193m▄[48;2;174;178;190m[38;2;177;181;193m▄[48;2;174;178;190m[38;2;177;181;193m▄[48;2;173;178;191m[38;2;176;181;193m▄[48;2;172;178;191m[38;2;175;180;192m▄[48;2;172;178;192m[38;2;174;180;193m▄[48;2;171;177;191m[38;2;174;180;193m▄[48;2;171;177;191m[38;2;174;180;193m▄[48;2;171;177;191m[38;2;173;179;193m▄[48;2;171;177;191m[38;2;173;179;193m▄[48;2;171;177;191m[38;2;173;179;193m▄[48;2;171;177;191m[38;2;173;179;193m▄[48;2;170;176;190m[38;2;172;178;192m▄[48;2;170;176;190m[38;2;172;178;192m▄[48;2;170;176;190m[38;2;172;178;191m▄[48;2;170;176;190m[38;2;172;178;191m▄[48;2;170;176;190m[38;2;172;178;192m▄[48;2;170;176;190m[38;2;172;177;192m▄[48;2;170;175;189m[38;2;172;176;191m▄[48;2;170;173;188m[38;2;173;176;191m▄[48;2;168;174;189m[38;2;171;176;190m▄[48;2;167;173;188m[38;2;171;176;189m▄[48;2;167;173;188m[38;2;170;175;189m▄[48;2;166;172;186m[38;2;169;174;188m▄[48;2;165;171;186m[38;2;169;174;188m▄[48;2;164;170;186m[38;2;168;172;187m▄[48;2;163;169;185m[38;2;167;172;188m▄[48;2;162;168;184m[38;2;166;171;187m▄[48;2;161;167;183m[38;2;165;170;186m▄[48;2;160;165;184m[38;2;164;170;185m▄[48;2;160;165;184m[38;2;163;169;186m▄[48;2;159;164;183m[38;2;162;167;186m▄[m
[48;2;181;181;193m[38;2;186;186;198m▄[48;2;180;181;193m[38;2;185;185;197m▄[48;2;179;181;192m[38;2;186;186;196m▄[48;2;178;181;192m[38;2;186;186;198m▄[48;2;179;181;192m[38;2;186;187;199m▄[48;2;179;181;193m[38;2;185;187;199m▄[48;2;180;182;194m[38;2;186;189;199m▄[48;2;180;182;194m[38;2;186;189;199m▄[48;2;181;183;195m[38;2;186;188;199m▄[48;2;182;184;196m[38;2;186;188;200m▄[48;2;182;184;196m[38;2;186;188;200m▄[48;2;183;185;197m[38;2;186;188;199m▄[48;2;182;184;196m[38;2;185;187;199m▄[48;2;181;184;196m[38;2;185;188;199m▄[48;2;181;185;196m[38;2;186;188;200m▄[48;2;181;185;196m[38;2;186;188;199m▄[48;2;180;184;195m[38;2;186;188;200m▄[48;2;180;184;195m[38;2;186;188;200m▄[48;2;181;185;196m[38;2;185;187;199m▄[48;2;182;186;197m[38;2;185;188;199m▄[48;2;182;186;197m[38;2;184;188;199m▄[48;2;182;186;197m[38;2;184;188;199m▄[48;2;182;186;197m[38;2;184;188;199m▄[48;2;182;186;197m[38;2;184;188;199m▄[48;2;181;185;196m[38;2;186;188;200m▄[48;2;181;185;196m[38;2;186;188;200m▄[48;2;181;185;196m[38;2;186;188;199m▄[48;2;181;185;196m[38;2;186;188;200m▄[48;2;182;186;197m[38;2;186;189;200m▄[48;2;182;186;197m[38;2;184;188;199m▄[48;2;181;185;196m[38;2;184;188;199m▄[48;2;181;185;196m[38;2;184;188;199m▄[48;2;181;185;196m[38;2;184;188;199m▄[48;2;179;185;196m[38;2;184;188;199m▄[48;2;178;185;196m[38;2;184;188;199m▄[48;2;178;185;195m[38;2;183;187;198m▄[48;2;177;184;195m[38;2;183;187;198m▄[48;2;177;184;195m[38;2;182;187;198m▄[48;2;176;183;194m[38;2;180;187;197m▄[48;2;176;182;193m[38;2;180;187;197m▄[48;2;175;182;193m[38;2;180;186;196m▄[48;2;175;181;193m[38;2;179;186;196m▄[48;2;175;181;193m[38;2;178;185;195m▄[48;2;176;181;193m[38;2;179;185;195m▄[48;2;179;182;193m[38;2;180;184;195m▄[48;2;179;182;193m[38;2;180;184;195m▄[48;2;180;182;193m[38;2;179;183;194m▄[48;2;181;181;193m[38;2;179;182;194m▄[48;2;176;179;191m[38;2;178;182;193m▄[48;2;174;178;192m[38;2;176;181;193m▄[48;2;174;177;192m[38;2;175;181;192m▄[48;2;173;177;190m[38;2;176;180;193m▄[48;2;173;177;190m[38;2;175;179;192m▄[48;2;172;176;189m[38;2;175;179;191m▄[48;2;171;174;189m[38;2;174;178;190m▄[48;2;170;173;188m[38;2;173;177;189m▄[48;2;170;173;187m[38;2;172;176;188m▄[48;2;167;173;187m[38;2;172;175;190m▄[48;2;167;173;187m[38;2;172;175;189m▄[48;2;165;171;187m[38;2;171;174;188m▄[m
[48;2;184;184;196m[38;2;186;186;196m▄[48;2;185;185;196m[38;2;187;187;197m▄[48;2;187;187;197m[38;2;187;187;197m▄[48;2;187;187;199m[38;2;188;188;198m▄[48;2;188;188;200m[38;2;189;189;199m▄[48;2;188;189;200m[38;2;190;190;200m▄[48;2;189;192;200m[38;2;188;191;200m▄[48;2;189;192;201m[38;2;189;192;201m▄[48;2;189;192;201m[38;2;189;192;201m▄[48;2;189;192;202m[38;2;189;192;201m▄[48;2;190;192;202m[38;2;190;193;201m▄[48;2;190;193;201m[38;2;190;193;200m▄[48;2;189;192;201m[38;2;191;194;201m▄[48;2;190;193;201m[38;2;191;194;202m▄[48;2;189;193;201m[38;2;196;198;205m▄[48;2;189;192;201m[38;2;200;202;208m▄[48;2;188;191;201m[38;2;191;195;203m▄[48;2;187;189;200m[38;2;191;194;202m▄[48;2;187;189;200m[38;2;190;193;201m▄[48;2;186;189;200m[38;2;191;194;202m▄[48;2;185;189;200m[38;2;191;195;203m▄[48;2;186;190;201m[38;2;190;195;203m▄[48;2;186;190;201m[38;2;190;194;202m▄[48;2;186;190;201m[38;2;189;194;202m▄[48;2;187;190;201m[38;2;189;193;203m▄[48;2;188;191;201m[38;2;188;192;202m▄[48;2;188;192;201m[38;2;189;193;202m▄[48;2;188;192;201m[38;2;189;193;202m▄[48;2;188;192;201m[38;2;189;193;202m▄[48;2;188;192;202m[38;2;189;193;202m▄[48;2;187;191;202m[38;2;188;192;203m▄[48;2;187;191;202m[38;2;188;192;203m▄[48;2;187;191;202m[38;2;188;192;202m▄[48;2;186;190;201m[38;2;188;192;202m▄[48;2;186;190;201m[38;2;189;193;203m▄[48;2;186;190;201m[38;2;189;193;202m▄[48;2;186;190;201m[38;2;188;192;202m▄[48;2;185;190;201m[38;2;189;193;203m▄[48;2;184;190;201m[38;2;188;192;203m▄[48;2;186;190;201m[38;2;188;192;201m▄[48;2;184;189;200m[38;2;187;191;202m▄[48;2;183;189;200m[38;2;187;191;202m▄[48;2;183;189;199m[38;2;187;191;202m▄[48;2;183;188;199m[38;2;187;191;202m▄[48;2;183;187;198m[38;2;186;190;201m▄[48;2;182;187;197m[38;2;186;190;201m▄[48;2;182;186;197m[38;2;185;189;200m▄[48;2;182;185;196m[38;2;185;189;200m▄[48;2;180;185;196m[38;2;184;188;199m▄[48;2;179;185;195m[38;2;185;189;200m▄[48;2;178;184;194m[38;2;185;189;198m▄[48;2;178;182;193m[38;2;182;186;197m▄[48;2;178;182;193m[38;2;181;185;196m▄[48;2;177;181;193m[38;2;181;185;196m▄[48;2;176;180;192m[38;2;180;184;194m▄[48;2;175;180;192m[38;2;181;184;195m▄[48;2;174;179;191m[38;2;180;184;194m▄[48;2;174;177;191m[38;2;178;182;193m▄[48;2;174;177;191m[38;2;178;182;192m▄[48;2;173;177;189m[38;2;176;180;192m▄[m
[48;2;185;185;195m[38;2;180;178;189m▄[48;2;186;185;195m[38;2;182;180;191m▄[48;2;185;184;195m[38;2;180;178;190m▄[48;2;186;186;197m[38;2;184;182;192m▄[48;2;185;185;196m[38;2;184;183;192m▄[48;2;186;187;198m[38;2;186;185;193m▄[48;2;187;188;198m[38;2;187;186;195m▄[48;2;188;189;200m[38;2;188;188;196m▄[48;2;188;191;200m[38;2;195;195;202m▄[48;2;189;192;201m[38;2;194;194;201m▄[48;2;190;192;202m[38;2;199;199;205m▄[48;2;196;198;204m[38;2;196;197;201m▄[48;2;192;195;202m[38;2;198;198;204m▄[48;2;192;194;200m[38;2;195;195;201m▄[48;2;211;211;214m[38;2;200;201;205m▄[48;2;211;210;215m[38;2;203;203;207m▄[48;2;214;214;217m[38;2;207;206;211m▄[48;2;214;214;216m[38;2;209;208;212m▄[48;2;209;210;213m[38;2;204;204;208m▄[48;2;192;197;204m[38;2;198;199;204m▄[48;2;193;197;204m[38;2;207;207;211m▄[48;2;198;201;207m[38;2;207;208;210m▄[48;2;197;200;207m[38;2;203;204;207m▄[48;2;192;196;203m[38;2;195;197;201m▄[48;2;191;196;204m[38;2;196;197;203m▄[48;2;192;197;204m[38;2;200;201;206m▄[48;2;198;201;207m[38;2;200;201;205m▄[48;2;201;202;209m[38;2;209;208;213m▄[48;2;198;200;207m[38;2;210;209;214m▄[48;2;191;196;204m[38;2;197;199;206m▄[48;2;191;195;203m[38;2;206;207;212m▄[48;2;192;196;204m[38;2;202;203;208m▄[48;2;192;196;204m[38;2;203;205;209m▄[48;2;196;199;206m[38;2;197;196;202m▄[48;2;213;213;218m[38;2;201;200;206m▄[48;2;195;198;205m[38;2;203;205;209m▄[48;2;192;196;205m[38;2;204;205;210m▄[48;2;194;197;203m[38;2;192;191;199m▄[48;2;206;208;213m[38;2;196;196;202m▄[48;2;200;203;209m[38;2;206;207;212m▄[48;2;190;195;204m[38;2;196;199;205m▄[48;2;190;194;203m[38;2;206;206;211m▄[48;2;195;198;205m[38;2;208;208;211m▄[48;2;192;195;202m[38;2;203;203;207m▄[48;2;200;202;208m[38;2;202;202;207m▄[48;2;200;202;208m[38;2;200;200;204m▄[48;2;195;198;205m[38;2;197;197;202m▄[48;2;210;210;215m[38;2;206;205;210m▄[48;2;204;206;212m[38;2;203;202;208m▄[48;2;213;212;217m[38;2;204;204;208m▄[48;2;214;213;218m[38;2;206;206;210m▄[48;2;207;206;211m[38;2;201;201;206m▄[48;2;209;209;214m[38;2;202;202;207m▄[48;2;198;200;206m[38;2;207;207;211m▄[48;2;201;203;209m[38;2;210;209;212m▄[48;2;212;211;215m[38;2;204;203;208m▄[48;2;213;212;217m[38;2;203;202;207m▄[48;2;211;211;214m[38;2;199;199;205m▄[48;2;206;207;212m[38;2;201;202;206m▄[48;2;196;198;204m[38;2;202;203;207m▄[m
[48;2;178;175;186m[38;2;147;116;125m▄[48;2;178;175;187m[38;2;152;125;135m▄[48;2;179;177;190m[38;2;156;134;144m▄[48;2;179;177;188m[38;2;160;140;151m▄[48;2;180;178;189m[38;2;160;143;153m▄[48;2;182;180;191m[38;2;163;148;157m▄[48;2;181;179;189m[38;2;163;149;159m▄[48;2;181;180;190m[38;2;161;149;158m▄[48;2;183;181;192m[38;2;158;150;160m▄[48;2;183;181;191m[38;2;156;150;162m▄[48;2;182;180;190m[38;2;158;152;165m▄[48;2;186;184;193m[38;2;156;147;160m▄[48;2;181;179;189m[38;2;154;146;159m▄[48;2;185;184;193m[38;2;156;149;162m▄[48;2;188;187;194m[38;2;162;157;169m▄[48;2;190;189;196m[38;2;170;166;177m▄[48;2;192;191;198m[38;2;181;179;189m▄[48;2;190;189;196m[38;2;186;184;194m▄[48;2;190;189;196m[38;2;187;186;195m▄[48;2;190;189;196m[38;2;187;187;195m▄[48;2;194;193;199m[38;2;188;188;197m▄[48;2;190;190;196m[38;2;188;188;197m▄[48;2;190;189;196m[38;2;190;188;197m▄[48;2;190;189;196m[38;2;190;189;197m▄[48;2;198;197;203m[38;2;190;189;197m▄[48;2;196;195;201m[38;2;189;188;196m▄[48;2;191;191;197m[38;2;189;188;196m▄[48;2;199;198;204m[38;2;189;188;196m▄[48;2;199;198;203m[38;2;189;188;196m▄[48;2;200;199;204m[38;2;191;190;198m▄[48;2;198;197;203m[38;2;192;191;198m▄[48;2;195;194;201m[38;2;192;191;198m▄[48;2;196;194;202m[38;2;189;188;196m▄[48;2;194;193;201m[38;2;188;187;195m▄[48;2;192;192;199m[38;2;185;184;192m▄[48;2;194;195;201m[38;2;184;182;193m▄[48;2;195;195;201m[38;2;185;183;194m▄[48;2;188;187;195m[38;2;184;183;193m▄[48;2;191;190;198m[38;2;182;180;190m▄[48;2;192;193;198m[38;2;188;186;195m▄[48;2;197;198;203m[38;2;191;189;198m▄[48;2;195;196;201m[38;2;193;192;198m▄[48;2;203;202;207m[38;2;186;185;193m▄[48;2;198;198;203m[38;2;188;187;195m▄[48;2;196;197;203m[38;2;188;187;195m▄[48;2;192;192;199m[38;2;188;186;195m▄[48;2;188;187;196m[38;2;180;179;189m▄[48;2;192;191;198m[38;2;180;178;188m▄[48;2;189;188;196m[38;2;186;185;193m▄[48;2;188;188;195m[38;2;187;186;195m▄[48;2;190;189;196m[38;2;187;186;194m▄[48;2;189;188;195m[38;2;184;182;190m▄[48;2;190;189;196m[38;2;181;179;190m▄[48;2;196;195;201m[38;2;177;175;186m▄[48;2;201;200;206m[38;2;177;175;186m▄[48;2;194;193;199m[38;2;177;175;186m▄[48;2;193;192;199m[38;2;176;174;185m▄[48;2;185;183;192m[38;2;180;178;188m▄[48;2;188;187;195m[38;2;167;165;178m▄[48;2;190;190;197m[38;2;169;167;179m▄[m
[48;2;122;64;69m[38;2;108;57;59m▄[48;2;123;65;70m[38;2;114;60;62m▄[48;2;124;66;70m[38;2;125;65;70m▄[48;2;122;66;69m[38;2;131;67;73m▄[48;2;120;64;68m[38;2;134;71;76m▄[48;2;123;66;70m[38;2;135;72;77m▄[48;2;119;64;67m[38;2;139;72;79m▄[48;2;119;65;68m[38;2;138;73;79m▄[48;2;119;66;71m[38;2;134;72;76m▄[48;2;116;69;74m[38;2;139;76;81m▄[48;2;116;73;79m[38;2;140;77;82m▄[48;2;112;70;77m[38;2;140;77;83m▄[48;2;114;74;81m[38;2;138;76;81m▄[48;2;116;83;92m[38;2;140;78;84m▄[48;2;116;87;100m[38;2;140;79;85m▄[48;2;112;92;107m[38;2;141;79;86m▄[48;2;109;93;110m[38;2;137;80;88m▄[48;2;109;99;115m[38;2;133;82;90m▄[48;2;128;116;132m[38;2;131;84;94m▄[48;2;131;117;133m[38;2;127;88;98m▄[48;2;140;128;143m[38;2;123;90;103m▄[48;2;157;150;160m[38;2;124;93;107m▄[48;2;174;169;179m[38;2;118;93;108m▄[48;2;178;176;186m[38;2;119;99;116m▄[48;2;186;184;194m[38;2;104;96;120m▄[48;2;189;188;196m[38;2;103;102;128m▄[48;2;189;189;197m[38;2;131;127;148m▄[48;2;190;189;197m[38;2;157;149;165m▄[48;2;190;189;197m[38;2;163;155;170m▄[48;2;191;190;198m[38;2;161;152;168m▄[48;2;192;190;200m[38;2;159;153;168m▄[48;2;191;190;199m[38;2;166;160;174m▄[48;2;191;190;199m[38;2;166;161;176m▄[48;2;191;190;198m[38;2;167;163;177m▄[48;2;191;190;198m[38;2;161;158;173m▄[48;2;191;190;198m[38;2;173;169;181m▄[48;2;193;192;199m[38;2;181;176;186m▄[48;2;193;192;199m[38;2;179;175;186m▄[48;2;191;190;198m[38;2;178;175;186m▄[48;2;190;190;197m[38;2;178;175;188m▄[48;2;192;191;198m[38;2;184;182;194m▄[48;2;191;190;196m[38;2;186;184;194m▄[48;2;190;189;197m[38;2;187;186;195m▄[48;2;188;186;194m[38;2;187;186;195m▄[48;2;189;187;195m[38;2;187;186;195m▄[48;2;187;186;195m[38;2;188;187;195m▄[48;2;184;183;192m[38;2;185;184;192m▄[48;2;183;182;191m[38;2;185;184;193m▄[48;2;182;180;190m[38;2;184;182;192m▄[48;2;185;183;193m[38;2;186;184;194m▄[48;2;184;182;192m[38;2;185;183;193m▄[48;2;179;177;187m[38;2;186;185;193m▄[48;2;174;172;184m[38;2;184;183;192m▄[48;2;173;171;184m[38;2;184;183;192m▄[48;2;172;170;182m[38;2;185;184;192m▄[48;2;173;170;183m[38;2;186;185;193m▄[48;2;173;170;183m[38;2;186;185;194m▄[48;2;174;172;184m[38;2;186;185;194m▄[48;2;176;175;186m[38;2;184;183;192m▄[48;2;185;184;193m[38;2;184;182;193m▄[m
[48;2;116;61;63m[38;2;112;59;59m▄[48;2;112;59;60m[38;2;118;65;64m▄[48;2;115;61;62m[38;2;96;63;56m▄[48;2;105;56;55m[38;2;84;57;49m▄[48;2;104;56;55m[38;2;94;63;56m▄[48;2;100;56;53m[38;2;118;65;65m▄[48;2;102;56;53m[38;2;116;62;61m▄[48;2;100;57;55m[38;2;117;62;63m▄[48;2;109;60;61m[38;2;116;62;63m▄[48;2;125;66;70m[38;2;112;61;62m▄[48;2;132;70;75m[38;2;111;61;61m▄[48;2;136;74;79m[38;2;114;62;63m▄[48;2;142;77;83m[38;2;110;60;60m▄[48;2;143;79;85m[38;2;117;64;66m▄[48;2;144;79;85m[38;2;122;67;70m▄[48;2;141;78;84m[38;2;119;66;68m▄[48;2;136;77;82m[38;2;128;71;74m▄[48;2;141;79;85m[38;2;134;74;78m▄[48;2;142;79;87m[38;2;135;75;81m▄[48;2;141;81;88m[38;2;139;77;84m▄[48;2;142;82;89m[38;2;143;81;89m▄[48;2;136;79;87m[38;2;144;82;90m▄[48;2;135;80;88m[38;2;147;86;93m▄[48;2;133;81;88m[38;2;148;87;95m▄[48;2;129;80;89m[38;2;146;86;93m▄[48;2;128;81;90m[38;2;144;86;93m▄[48;2;135;88;97m[38;2;143;85;94m▄[48;2;135;90;100m[38;2;136;81;88m▄[48;2;133;89;101m[38;2;138;82;90m▄[48;2;139;99;110m[38;2;136;81;89m▄[48;2;135;100;112m[38;2;123;75;81m▄[48;2;133;98;112m[38;2;120;73;78m▄[48;2;134;105;119m[38;2;135;78;85m▄[48;2;130;107;123m[38;2;138;81;89m▄[48;2;139;116;131m[38;2;140;83;89m▄[48;2;142;122;135m[38;2;134;78;84m▄[48;2;137;122;138m[38;2;135;78;83m▄[48;2;131;121;138m[38;2;133;76;81m▄[48;2;140;130;147m[38;2;131;76;81m▄[48;2;155;146;159m[38;2;127;75;80m▄[48;2;156;148;160m[38;2;124;74;78m▄[48;2;157;148;160m[38;2;121;74;76m▄[48;2;155;147;160m[38;2;127;80;79m▄[48;2;159;153;165m[38;2;139;90;87m▄[48;2;152;147;163m[38;2;143;95;90m▄[48;2;140;135;155m[38;2;151;101;94m▄[48;2;150;144;161m[38;2;148;99;92m▄[48;2;153;148;165m[38;2;148;104;98m▄[48;2;154;151;168m[38;2;126;94;92m▄[48;2;155;153;170m[38;2;140;104;103m▄[48;2;152;151;167m[38;2;154;113;110m▄[48;2;156;155;173m[38;2;152;110;106m▄[48;2;160;158;176m[38;2;147;106;103m▄[48;2;162;160;176m[38;2;140;100;103m▄[48;2;163;161;176m[38;2;132;96;100m▄[48;2;166;163;179m[38;2;131;96;101m▄[48;2;166;164;180m[38;2;127;92;99m▄[48;2;168;167;181m[38;2;112;85;91m▄[48;2;170;168;182m[38;2;117;89;95m▄[48;2;168;166;181m[38;2;108;86;89m▄[m
[48;2;102;54;52m[38;2;83;46;44m▄[48;2;96;54;50m[38;2;81;44;42m▄[48;2;96;53;51m[38;2;82;45;43m▄[48;2;82;48;43m[38;2;80;46;43m▄[48;2;72;47;40m[38;2;73;42;38m▄[48;2;93;53;51m[38;2;67;38;35m▄[48;2;114;60;58m[38;2;92;50;49m▄[48;2;128;66;67m[38;2;83;45;44m▄[48;2;130;68;68m[38;2;85;48;46m▄[48;2;127;66;68m[38;2;101;56;54m▄[48;2;128;68;69m[38;2;105;57;56m▄[48;2;136;74;75m[38;2;100;55;54m▄[48;2;131;72;73m[38;2;100;55;56m▄[48;2;128;70;73m[38;2;95;53;53m▄[48;2;130;71;75m[38;2;95;53;53m▄[48;2;135;75;79m[38;2;99;56;56m▄[48;2;133;74;78m[38;2;107;58;60m▄[48;2;131;71;75m[38;2;104;58;58m▄[48;2;134;73;77m[38;2;118;66;67m▄[48;2;130;71;74m[38;2;118;67;68m▄[48;2;133;74;77m[38;2;123;69;71m▄[48;2;133;74;79m[38;2;129;72;76m▄[48;2;134;75;80m[38;2;130;73;78m▄[48;2;135;76;82m[38;2;135;76;82m▄[48;2;135;77;83m[38;2;136;76;82m▄[48;2;140;80;86m[38;2;136;77;82m▄[48;2;142;82;89m[38;2;137;78;83m▄[48;2;148;88;95m[38;2;144;84;88m▄[48;2;145;83;91m[38;2;142;82;87m▄[48;2;149;86;94m[38;2;137;78;84m▄[48;2;145;85;93m[38;2;121;70;75m▄[48;2;131;76;82m[38;2;100;61;61m▄[48;2;156;92;101m[38;2;117;69;71m▄[48;2;154;91;98m[38;2;143;81;87m▄[48;2;153;88;95m[38;2;146;83;89m▄[48;2;151;86;92m[38;2;147;82;88m▄[48;2;142;79;84m[38;2;152;84;90m▄[48;2;141;78;83m[38;2;149;82;87m▄[48;2;141;78;82m[38;2;149;82;87m▄[48;2;137;74;76m[38;2;149;82;86m▄[48;2;136;74;76m[38;2;149;81;85m▄[48;2;134;72;73m[38;2;154;84;88m▄[48;2;130;71;71m[38;2;150;82;85m▄[48;2;122;66;66m[38;2;148;82;84m▄[48;2;127;69;69m[38;2;149;81;84m▄[48;2;135;73;74m[38;2;143;76;78m▄[48;2;135;73;75m[38;2;137;74;75m▄[48;2;138;75;76m[38;2;140;75;77m▄[48;2;135;73;74m[38;2;136;72;73m▄[48;2;133;73;74m[38;2;135;71;72m▄[48;2;132;72;74m[38;2;132;70;70m▄[48;2;132;72;72m[38;2;132;70;70m▄[48;2;131;74;71m[38;2;125;67;66m▄[48;2;123;71;71m[38;2;128;69;69m▄[48;2;122;70;71m[38;2;128;68;69m▄[48;2;113;65;65m[38;2;128;69;69m▄[48;2;106;62;64m[38;2;128;68;68m▄[48;2;99;62;61m[38;2;126;66;68m▄[48;2;89;59;54m[38;2;122;67;65m▄[48;2;93;60;55m[38;2;117;63;64m▄[m
[48;2;98;58;53m[38;2;52;45;33m▄[48;2;103;58;56m[38;2;72;53;44m▄[48;2;98;53;51m[38;2;85;56;47m▄[48;2;116;61;61m[38;2;118;68;66m▄[48;2;94;52;48m[38;2;131;68;69m▄[48;2;94;50;47m[38;2;122;63;63m▄[48;2;104;54;52m[38;2;130;67;70m▄[48;2;103;54;52m[38;2;113;59;58m▄[48;2;103;54;53m[38;2;102;54;54m▄[48;2;105;55;53m[38;2;120;62;62m▄[48;2;102;55;52m[38;2;122;65;65m▄[48;2;107;58;57m[38;2;132;70;71m▄[48;2;95;52;50m[38;2;121;66;66m▄[48;2;111;60;60m[38;2;124;67;67m▄[48;2;98;55;54m[38;2;136;72;75m▄[48;2;108;60;58m[38;2;127;68;70m▄[48;2;113;62;62m[38;2;129;69;70m▄[48;2;112;63;61m[38;2;142;76;78m▄[48;2;118;65;66m[38;2;136;72;75m▄[48;2;122;66;69m[38;2;134;72;75m▄[48;2;119;66;68m[38;2;135;73;75m▄[48;2;128;70;73m[38;2;135;73;75m▄[48;2;128;70;73m[38;2;135;74;76m▄[48;2;129;72;74m[38;2;129;71;73m▄[48;2;124;69;72m[38;2;127;71;75m▄[48;2;131;74;76m[38;2;129;72;74m▄[48;2;134;75;79m[38;2;120;69;69m▄[48;2;129;74;77m[38;2;122;72;73m▄[48;2;129;73;77m[38;2;101;62;60m▄[48;2;126;73;76m[38;2;96;58;58m▄[48;2;108;65;66m[38;2;94;58;56m▄[48;2;96;60;60m[38;2;72;48;46m▄[48;2;98;59;59m[38;2;113;67;66m▄[48;2;138;77;80m[38;2;133;75;77m▄[48;2;145;81;86m[38;2;134;76;76m▄[48;2;138;76;79m[38;2;128;72;72m▄[48;2;137;78;78m[38;2;129;71;71m▄[48;2;128;70;70m[38;2;134;75;74m▄[48;2;137;75;76m[38;2;132;73;72m▄[48;2;137;74;75m[38;2;131;73;70m▄[48;2;135;73;74m[38;2;130;73;71m▄[48;2;138;74;75m[38;2;126;69;68m▄[48;2;139;76;76m[38;2;128;71;69m▄[48;2;139;75;75m[38;2;133;73;70m▄[48;2;142;76;77m[38;2;126;67;65m▄[48;2;142;75;77m[38;2;128;68;66m▄[48;2;138;73;74m[38;2;129;69;68m▄[48;2;145;77;79m[38;2;113;62;60m▄[48;2;146;77;80m[38;2;99;55;53m▄[48;2;147;78;81m[38;2;97;54;50m▄[48;2;145;77;79m[38;2;106;57;54m▄[48;2;143;76;78m[38;2;128;69;69m▄[48;2;136;71;72m[38;2;123;64;63m▄[48;2;136;72;72m[38;2;133;71;72m▄[48;2;131;68;69m[38;2;122;65;64m▄[48;2;134;71;71m[38;2;116;62;61m▄[48;2;132;70;71m[38;2;126;66;66m▄[48;2;125;65;66m[38;2;131;68;69m▄[48;2;131;69;68m[38;2;132;69;71m▄[48;2;127;66;67m[38;2;132;69;72m▄[m
[48;2;49;45;31m[38;2;55;44;34m▄[48;2;54;46;33m[38;2;57;46;32m▄[48;2;61;54;39m[38;2;40;35;26m▄[48;2;76;64;50m[38;2;36;35;26m▄[48;2;97;66;59m[38;2;56;44;34m▄[48;2;119;62;61m[38;2;102;61;55m▄[48;2;106;54;54m[38;2;127;66;65m▄[48;2;131;68;69m[38;2;120;62;60m▄[48;2;123;65;64m[38;2;120;63;63m▄[48;2;114;59;58m[38;2;128;68;67m▄[48;2;127;67;67m[38;2;127;68;66m▄[48;2;105;57;54m[38;2;135;73;74m▄[48;2;113;64;64m[38;2;131;67;68m▄[48;2;109;61;60m[38;2;116;59;61m▄[48;2;122;65;68m[38;2;120;65;64m▄[48;2;119;62;65m[38;2;123;69;70m▄[48;2;115;59;59m[38;2;125;68;70m▄[48;2;113;62;63m[38;2;129;71;73m▄[48;2;125;63;66m[38;2;129;69;72m▄[48;2;107;58;59m[38;2;127;70;74m▄[48;2;114;61;64m[38;2;109;61;62m▄[48;2;110;61;63m[38;2;124;67;68m▄[48;2;120;63;65m[38;2;112;61;62m▄[48;2;102;59;58m[38;2;108;61;63m▄[48;2;92;54;53m[38;2;105;59;60m▄[48;2;106;62;61m[38;2;108;61;60m▄[48;2;119;67;69m[38;2;122;67;68m▄[48;2;120;67;69m[38;2;111;63;63m▄[48;2;113;65;66m[38;2;112;61;60m▄[48;2;100;59;58m[38;2;98;56;55m▄[48;2;45;32;29m[38;2;78;51;49m▄[48;2;73;49;44m[38;2;112;66;63m▄[48;2;127;73;71m[38;2;144;78;80m▄[48;2;135;75;76m[38;2;139;75;76m▄[48;2;141;81;82m[38;2;130;72;71m▄[48;2;128;73;71m[38;2;126;71;68m▄[48;2;123;70;67m[38;2;125;69;68m▄[48;2;119;68;64m[38;2;116;65;61m▄[48;2;123;69;65m[38;2;111;64;58m▄[48;2;114;67;59m[38;2;121;69;63m▄[48;2;108;63;56m[38;2;128;72;66m▄[48;2;108;62;56m[38;2;121;68;62m▄[48;2;104;58;50m[38;2;121;67;61m▄[48;2;116;64;58m[38;2;117;64;58m▄[48;2;123;68;65m[38;2;112;61;55m▄[48;2;123;69;64m[38;2;112;62;54m▄[48;2;115;63;58m[38;2;113;61;54m▄[48;2;99;55;50m[38;2;121;67;60m▄[48;2;101;54;48m[38;2;120;67;61m▄[48;2;92;52;44m[38;2;126;65;62m▄[48;2;95;53;46m[38;2;121;64;61m▄[48;2;108;57;52m[38;2;111;61;54m▄[48;2;125;67;65m[38;2;107;56;53m▄[48;2;130;68;67m[38;2;110;57;53m▄[48;2;124;67;66m[38;2;113;59;58m▄[48;2;118;64;62m[38;2;113;59;59m▄[48;2;109;59;55m[38;2;108;55;55m▄[48;2;108;59;55m[38;2;101;54;51m▄[48;2;109;59;56m[38;2;100;54;50m▄[48;2;108;58;55m[38;2;105;56;53m▄[m
[48;2;91;52;45m[38;2;93;56;46m▄[48;2;104;66;55m[38;2;115;70;58m▄[48;2;57;43;32m[38;2;102;62;51m▄[48;2;50;40;30m[38;2;114;68;59m▄[48;2;69;47;38m[38;2;123;68;61m▄[48;2;98;53;49m[38;2;126;65;60m▄[48;2;79;44;42m[38;2;125;66;67m▄[48;2;63;37;34m[38;2;103;57;53m▄[48;2;93;49;48m[38;2;114;61;59m▄[48;2;94;51;48m[38;2;122;64;64m▄[48;2;76;40;38m[38;2;115;60;61m▄[48;2;96;51;50m[38;2;134;68;71m▄[48;2;119;62;63m[38;2;124;64;67m▄[48;2;118;63;62m[38;2;124;65;66m▄[48;2;114;60;60m[38;2;110;58;56m▄[48;2;123;64;65m[38;2;136;72;74m▄[48;2;106;58;58m[38;2;126;67;68m▄[48;2;107;61;58m[38;2;142;80;80m▄[48;2;117;65;63m[38;2;118;68;64m▄[48;2;123;70;70m[38;2;136;76;76m▄[48;2;125;70;72m[38;2;123;70;68m▄[48;2;130;72;73m[38;2;126;70;71m▄[48;2;136;74;78m[38;2;124;71;69m▄[48;2;124;69;72m[38;2;115;67;67m▄[48;2;141;75;80m[38;2;101;61;61m▄[48;2;136;73;77m[38;2;126;72;74m▄[48;2;115;66;65m[38;2;115;67;65m▄[48;2;108;62;60m[38;2;112;65;64m▄[48;2;111;64;60m[38;2;118;67;68m▄[48;2;115;65;65m[38;2;110;64;62m▄[48;2;92;54;54m[38;2;82;49;46m▄[48;2;130;73;73m[38;2;116;66;64m▄[48;2;138;77;77m[38;2;95;58;53m▄[48;2;134;75;79m[38;2;92;54;52m▄[48;2;146;83;84m[38;2;104;62;57m▄[48;2;146;84;84m[38;2;112;65;60m▄[48;2;134;74;74m[38;2;136;79;77m▄[48;2;130;71;70m[38;2;143;82;81m▄[48;2;122;69;64m[38;2;146;82;83m▄[48;2;122;67;62m[38;2;139;77;75m▄[48;2;126;70;65m[38;2;147;82;81m▄[48;2;127;68;63m[38;2;145;80;79m▄[48;2;126;68;64m[38;2;142;79;78m▄[48;2;126;69;65m[38;2;130;71;68m▄[48;2;131;72;69m[38;2;124;66;61m▄[48;2;144;76;78m[38;2;130;71;70m▄[48;2;137;73;74m[38;2;100;55;52m▄[48;2;121;65;63m[38;2;110;59;57m▄[48;2;137;72;74m[38;2;116;63;61m▄[48;2;138;75;77m[38;2;103;58;53m▄[48;2;139;74;74m[38;2;107;59;55m▄[48;2;137;73;74m[38;2;110;60;56m▄[48;2;136;70;72m[38;2;115;62;60m▄[48;2;127;67;67m[38;2;119;64;63m▄[48;2;113;60;58m[38;2;118;62;61m▄[48;2;111;59;56m[38;2;125;65;65m▄[48;2;101;54;52m[38;2;115;60;59m▄[48;2;105;55;52m[38;2;116;61;59m▄[48;2;113;57;56m[38;2;115;59;57m▄[48;2;111;58;57m[38;2;117;59;59m▄[m
[48;2;113;70;54m[38;2;160;94;89m▄[48;2;125;75;61m[38;2;140;79;74m▄[48;2;132;76;66m[38;2;131;74;71m▄[48;2;133;74;68m[38;2;131;74;70m▄[48;2;139;73;72m[38;2;137;77;70m▄[48;2;133;70;70m[38;2;121;67;62m▄[48;2;102;56;51m[38;2;117;61;57m▄[48;2;128;71;66m[38;2;109;61;56m▄[48;2;127;66;64m[38;2;125;73;61m▄[48;2;116;62;60m[38;2;113;62;53m▄[48;2;100;53;52m[38;2;104;60;54m▄[48;2;87;50;47m[38;2;110;59;55m▄[48;2;117;64;61m[38;2;131;74;71m▄[48;2;137;76;76m[38;2;147;83;83m▄[48;2;131;70;69m[38;2;130;75;69m▄[48;2;123;70;68m[38;2;139;77;77m▄[48;2;120;67;64m[38;2;137;78;75m▄[48;2;126;72;67m[38;2;146;86;80m▄[48;2;109;65;57m[38;2;145;82;78m▄[48;2;123;70;65m[38;2;138;77;74m▄[48;2;126;73;68m[38;2;138;81;73m▄[48;2;115;67;65m[38;2;121;71;67m▄[48;2;111;63;60m[38;2;115;63;64m▄[48;2;93;54;52m[38;2;121;70;66m▄[48;2;104;60;58m[38;2;113;65;65m▄[48;2;105;61;60m[38;2;106;61;60m▄[48;2;103;61;60m[38;2;110;64;64m▄[48;2;123;68;69m[38;2;97;59;54m▄[48;2;97;56;55m[38;2;86;52;49m▄[48;2;100;59;56m[38;2;61;41;38m▄[48;2;112;64;63m[38;2;64;41;38m▄[48;2;68;45;39m[38;2;99;60;58m▄[48;2;70;44;38m[38;2;125;73;70m▄[48;2;94;55;50m[38;2;139;82;81m▄[48;2;117;70;70m[38;2;122;68;69m▄[48;2;130;74;73m[38;2;128;72;72m▄[48;2;143;79;79m[38;2;98;58;55m▄[48;2;146;79;82m[38;2;95;55;55m▄[48;2;129;72;72m[38;2;84;49;46m▄[48;2;142;79;79m[38;2;109;60;59m▄[48;2;142;78;80m[38;2;94;54;52m▄[48;2;133;73;71m[38;2;99;54;53m▄[48;2;134;74;72m[38;2;125;67;63m▄[48;2;126;70;66m[38;2;139;80;79m▄[48;2;119;66;61m[38;2;122;67;66m▄[48;2;125;69;66m[38;2;137;75;74m▄[48;2;117;65;61m[38;2;144;78;79m▄[48;2;112;61;58m[38;2;126;69;68m▄[48;2;109;58;54m[38;2;121;65;62m▄[48;2;123;67;64m[38;2;131;73;68m▄[48;2;113;64;59m[38;2;129;72;70m▄[48;2;103;58;52m[38;2;138;76;77m▄[48;2;105;58;53m[38;2;127;69;67m▄[48;2;97;54;48m[38;2;116;68;60m▄[48;2;90;54;50m[38;2;95;54;51m▄[48;2;105;58;54m[38;2;84;49;44m▄[48;2;106;58;56m[38;2;93;51;49m▄[48;2;97;53;48m[38;2;118;64;61m▄[48;2;106;56;52m[38;2;130;68;70m▄[48;2;114;59;58m[38;2;127;66;68m▄[m
[48;2;99;51;43m[38;2;137;76;66m▄[48;2;115;60;51m[38;2;131;72;61m▄[48;2;117;63;58m[38;2;115;64;55m▄[48;2;139;83;76m[38;2;129;72;69m▄[48;2;121;69;65m[38;2;105;60;55m▄[48;2;149;91;85m[38;2;139;83;74m▄[48;2;131;76;66m[38;2;143;89;74m▄[48;2;127;76;63m[38;2;133;79;64m▄[48;2;151;95;78m[38;2;162;101;84m▄[48;2;139;89;69m[38;2;168;114;88m▄[48;2;140;85;75m[38;2;137;85;64m▄[48;2;144;84;77m[38;2;136;80;67m▄[48;2;141;80;77m[38;2;133;71;62m▄[48;2;155;94;87m[38;2;167;106;96m▄[48;2;160;98;89m[38;2;157;97;86m▄[48;2;161;101;94m[38;2;146;90;75m▄[48;2;158;97;93m[38;2;162;104;89m▄[48;2;151;94;88m[38;2;163;103;93m▄[48;2;136;79;72m[38;2;138;79;73m▄[48;2;134;74;71m[38;2;132;73;68m▄[48;2;129;75;71m[38;2;139;80;76m▄[48;2;127;75;70m[38;2;131;77;72m▄[48;2;113;65;62m[38;2;119;69;62m▄[48;2;114;67;62m[38;2;120;66;64m▄[48;2;111;64;62m[38;2;113;65;63m▄[48;2;121;75;72m[38;2;86;57;48m▄[48;2;97;60;55m[38;2;75;49;44m▄[48;2;77;50;45m[38;2;49;36;30m▄[48;2;57;39;35m[38;2;65;46;43m▄[48;2;83;52;48m[38;2;127;75;73m▄[48;2;115;69;66m[38;2;133;78;75m▄[48;2;122;69;67m[38;2;142;82;82m▄[48;2;127;71;71m[38;2;134;79;75m▄[48;2;116;70;66m[38;2;135;80;76m▄[48;2;89;56;50m[38;2;148;86;87m▄[48;2;105;62;58m[38;2;128;72;71m▄[48;2;111;64;63m[38;2;128;75;71m▄[48;2;99;59;59m[38;2;93;55;50m▄[48;2;91;55;53m[38;2;102;61;58m▄[48;2;95;57;52m[38;2;87;54;47m▄[48;2;72;47;40m[38;2;81;49;42m▄[48;2;94;56;52m[38;2;101;59;54m▄[48;2;94;54;49m[38;2;136;74;72m▄[48;2;111;66;60m[38;2;111;64;60m▄[48;2;110;64;58m[38;2;129;75;73m▄[48;2;112;62;58m[38;2;113;62;62m▄[48;2;109;62;59m[38;2;110;61;59m▄[48;2;93;57;50m[38;2;141;82;82m▄[48;2;116;67;58m[38;2;140;75;76m▄[48;2;143;87;71m[38;2;113;64;59m▄[48;2;147;82;86m[38;2;141;77;80m▄[48;2;138;80;82m[38;2;120;69;65m▄[48;2;131;71;71m[38;2;112;59;55m▄[48;2;124;67;66m[38;2;101;55;50m▄[48;2;106;61;57m[38;2;93;51;45m▄[48;2;97;54;49m[38;2;90;52;45m▄[48;2;101;56;54m[38;2;104;58;54m▄[48;2;108;58;56m[38;2;111;60;57m▄[48;2;111;59;58m[38;2;103;57;54m▄[48;2;123;64;65m[38;2;118;62;59m▄[m
[48;2;157;95;78m[38;2;156;100;70m▄[48;2;130;76;63m[38;2;135;81;70m▄[48;2;139;84;72m[38;2;143;90;77m▄[48;2;128;75;67m[38;2;143;92;75m▄[48;2;103;61;55m[38;2;133;88;67m▄[48;2;133;87;70m[38;2;159;109;88m▄[48;2;169;114;95m[38;2;187;142;118m▄[48;2;173;119;89m[38;2;187;136;107m▄[48;2;169;112;79m[38;2;166;113;80m▄[48;2;155;99;75m[38;2;143;92;68m▄[48;2;157;98;77m[38;2;142;90;70m▄[48;2;164;106;90m[38;2;142;87;70m▄[48;2;156;96;79m[38;2;157;101;81m▄[48;2;159;99;85m[38;2;153;100;79m▄[48;2;148;88;78m[38;2;170;119;97m▄[48;2;161;99;93m[38;2;155;99;82m▄[48;2;168;109;103m[38;2;158;104;89m▄[48;2;143;84;82m[38;2;128;76;67m▄[48;2;155;93;87m[38;2;142;83;78m▄[48;2;135;77;69m[38;2;148;87;82m▄[48;2;132;72;69m[38;2;108;63;52m▄[48;2;127;74;71m[38;2;123;68;65m▄[48;2;136;77;74m[38;2;139;76;77m▄[48;2;90;52;45m[38;2;128;73;71m▄[48;2;109;64;56m[38;2;125;75;67m▄[48;2;83;53;45m[38;2;128;78;69m▄[48;2;65;42;37m[38;2;103;64;49m▄[48;2;71;47;39m[38;2;130;84;69m▄[48;2;103;64;58m[38;2;171;113;99m▄[48;2;132;78;73m[38;2;153;92;84m▄[48;2;154;92;91m[38;2;153;93;87m▄[48;2;151;88;88m[38;2;157;93;92m▄[48;2;163;102;101m[38;2;151;88;88m▄[48;2;154;93;91m[38;2;151;88;88m▄[48;2;151;91;93m[38;2;137;81;79m▄[48;2;160;96;99m[38;2;126;75;73m▄[48;2;144;83;83m[38;2;126;71;69m▄[48;2;109;68;62m[38;2;139;80;77m▄[48;2;148;95;89m[38;2;145;85;79m▄[48;2;141;90;82m[38;2;146;86;80m▄[48;2;149;91;86m[38;2;135;81;74m▄[48;2;146;89;84m[38;2;96;66;54m▄[48;2;128;83;69m[38;2;82;59;46m▄[48;2;130;86;75m[38;2;70;56;42m▄[48;2;140;83;76m[38;2;113;86;69m▄[48;2;111;64;61m[38;2;132;82;76m▄[48;2;123;73;69m[38;2;116;65;60m▄[48;2;110;62;57m[38;2;104;57;51m▄[48;2;124;68;63m[38;2;80;44;39m▄[48;2;128;71;63m[38;2;83;48;40m▄[48;2;106;64;54m[38;2;72;43;38m▄[48;2;118;64;61m[38;2;78;46;38m▄[48;2;113;62;55m[38;2;85;50;44m▄[48;2;127;69;65m[38;2;95;51;44m▄[48;2;125;67;64m[38;2;92;49;44m▄[48;2;94;53;50m[38;2;108;58;53m▄[48;2;58;38;31m[38;2;135;77;69m▄[48;2;93;53;47m[38;2;150;82;60m▄[48;2;82;50;43m[38;2;109;64;48m▄[48;2;97;53;48m[38;2;77;55;42m▄[m
[?25h