[s[?25l[48;2;0;0;0m[38;2;0;0;0m▄[48;2;0;0;0m[38;2;0;0;0m▄[48;2;0;0;0m[38;2;0;0;0m▄[48;2;0;0;0m[38;2;0;0;0m▄[48;2;0;0;0m[38;2;0;0;0m▄[48;2;0;0;0m[38;2;0;0;0m▄[48;2;0;0;0m[38;2;0;0;0m▄[48;2;0;0;0m[38;2;0;0;0m▄[48;2;0;0;0m[38;2;0;0;0m▄[48;2;0;0;0m[38;2;0;0;0m▄[48;2;0;0;0m[38;2;0;0;0m▄[48;2;0;0;0m[38;2;0;0;0m▄[48;2;0;0;0m[38;2;0;0;0m▄[48;2;0;0;0m[38;2;0;0;0m▄[48;2;0;0;0m[38;2;0;0;0m▄[48;2;0;0;0m[38;2;0;0;0m▄[48;2;0;0;0m[38;2;0;0;0m▄[48;2;0;0;0m[38;2;0;0;0m▄[48;2;0;0;0m[38;2;0;0;0m▄[48;2;0;0;0m[38;2;0;0;0m▄[48;2;0;0;0m[38;2;0;0;0m▄[48;2;0;0;0m[38;2;0;0;0m▄[48;2;0;0;0m[38;2;0;0;0m▄[48;2;0;0;0m[38;2;0;0;0m▄[48;2;0;0;0m[38;2;0;0;0m▄[48;2;0;0;0m[38;2;0;0;0m▄[48;2;0;0;0m[38;2;0;0;0m▄[48;2;0;0;0m[38;2;0;0;0m▄[48;2;0;0;0m[38;2;0;0;0m▄[48;2;0;0;0m[38;2;0;0;0m▄[48;2;0;0;0m[38;2;0;0;0m▄[48;2;0;0;0m[38;2;0;0;0m▄[48;2;0;0;0m[38;2;0;0;0m▄[48;2;0;0;0m[38;2;0;0;0m▄[48;2;0;0;0m[38;2;0;0;0m▄[48;2;0;0;0m[38;2;0;0;0m▄[48;2;0;0;0m[38;2;0;0;0m▄[48;2;0;0;0m[38;2;0;0;0m▄[48;2;0;0;0m[38;2;0;0;0m▄[48;2;0;0;0m[38;2;0;0;0m▄[48;2;0;0;0m[38;2;0;0;0m▄[48;2;0;0;0m[38;2;0;0;0m▄[48;2;0;0;0m[38;2;0;0;0m▄[48;2;0;0;0m[38;2;0;0;0m▄[48;2;0;0;0m[38;2;0;0;0m▄[48;2;0;0;0m[38;2;0;0;0m▄[48;2;0;0;0m[38;2;0;0;0m▄[48;2;0;0;0m[38;2;0;0;0m▄[48;2;0;0;0m[38;2;0;0;0m▄[48;2;0;0;0m[38;2;0;0;0m▄[48;2;0;0;0m[38;2;0;0;0m▄[48;2;0;0;0m[38;2;0;0;0m▄[48;2;0;0;0m[38;2;0;0;0m▄[48;2;0;0;0m[38;2;0;0;0m▄[48;2;0;0;0m[38;2;0;0;0m▄[48;2;0;0;0m[38;2;0;0;0m▄[48;2;0;0;0m[38;2;0;0;0m▄[48;2;0;0;0m[38;2;0;0;0m▄[48;2;0;0;0m[38;2;0;0;0m▄[48;2;0;0;0m[38;2;0;0;0m▄[m
[48;2;0;0;0m[38;2;0;0;0m▄[48;2;0;0;0m[38;2;0;0;0m▄[48;2;0;0;0m[38;2;0;0;0m▄[48;2;0;0;0m[38;2;0;0;0m▄[48;2;0;0;0m[38;2;0;0;0m▄[48;2;0;0;0m[38;2;0;0;0m▄[48;2;0;0;0m[38;2;0;0;0m▄[48;2;0;0;0m[38;2;0;0;0m▄[48;2;0;0;0m[38;2;0;0;0m▄[48;2;0;0;0m[38;2;0;0;0m▄[48;2;0;0;0m[38;2;0;0;0m▄[48;2;0;0;0m[38;2;0;0;0m▄[48;2;0;0;0m[38;2;0;0;0m▄[48;2;0;0;0m[38;2;0;0;0m▄[48;2;0;0;0m[38;2;0;0;0m▄[48;2;0;0;0m[38;2;0;0;0m▄[48;2;0;0;0m[38;2;0;0;0m▄[48;2;0;0;0m[38;2;0;0;0m▄[48;2;0;0;0m[38;2;0;0;0m▄[48;2;0;0;0m[38;2;0;0;0m▄[48;2;0;0;0m[38;2;0;0;0m▄[48;2;0;0;0m[38;2;0;0;0m▄[48;2;0;0;0m[38;2;0;0;0m▄[48;2;0;0;0m[38;2;0;0;0m▄[48;2;0;0;0m[38;2;0;0;0m▄[48;2;0;0;0m[38;2;0;0;0m▄[48;2;0;0;0m[38;2;0;0;0m▄[48;2;0;0;0m[38;2;0;0;0m▄[48;2;0;0;0m[38;2;0;0;0m▄[48;2;0;0;0m[38;2;0;0;0m▄[48;2;0;0;0m[38;2;0;0;0m▄[48;2;0;0;0m[38;2;0;0;0m▄[48;2;0;0;0m[38;2;0;0;0m▄[48;2;0;0;0m[38;2;0;0;0m▄[48;2;0;0;0m[38;2;0;0;0m▄[48;2;0;0;0m[38;2;0;0;0m▄[48;2;0;0;0m[38;2;0;0;0m▄[48;2;0;0;0m[38;2;0;0;0m▄[48;2;0;0;0m[38;2;0;0;0m▄[48;2;0;0;0m[38;2;0;0;0m▄[48;2;0;0;0m[38;2;8;7;6m▄[48;2;12;10;9m[38;2;82;61;51m▄[48;2;25;21;17m[38;2;121;98;76m▄[48;2;0;0;0m[38;2;50;43;36m▄[48;2;0;0;0m[38;2;0;0;0m▄[48;2;0;0;0m[38;2;0;0;0m▄[48;2;0;0;0m[38;2;0;0;0m▄[48;2;0;0;0m[38;2;0;0;0m▄[48;2;0;0;0m[38;2;0;0;0m▄[48;2;0;0;0m[38;2;0;0;0m▄[48;2;0;0;0m[38;2;0;0;0m▄[48;2;0;0;0m[38;2;0;0;0m▄[48;2;0;0;0m[38;2;0;0;0m▄[48;2;0;0;0m[38;2;0;0;0m▄[48;2;0;0;0m[38;2;0;0;0m▄[48;2;0;0;0m[38;2;0;0;0m▄[48;2;0;0;0m[38;2;0;0;0m▄[48;2;0;0;0m[38;2;0;0;0m▄[48;2;0;0;0m[38;2;0;0;0m▄[48;2;0;0;0m[38;2;0;0;0m▄[m
[48;2;0;0;0m[38;2;0;0;0m▄[48;2;0;0;0m[38;2;0;0;0m▄[48;2;0;0;0m[38;2;0;0;0m▄[48;2;0;0;0m[38;2;0;0;0m▄[48;2;0;0;0m[38;2;0;0;0m▄[48;2;0;0;0m[38;2;0;0;0m▄[48;2;0;0;0m[38;2;0;0;0m▄[48;2;0;0;0m[38;2;0;0;0m▄[48;2;0;0;0m[38;2;0;0;0m▄[48;2;0;0;0m[38;2;0;0;0m▄[48;2;0;0;0m[38;2;0;0;0m▄[48;2;0;0;0m[38;2;0;0;0m▄[48;2;0;0;0m[38;2;0;0;0m▄[48;2;0;0;0m[38;2;0;0;0m▄[48;2;0;0;0m[38;2;0;0;0m▄[48;2;0;0;0m[38;2;0;0;0m▄[48;2;0;0;0m[38;2;0;0;0m▄[48;2;0;0;0m[38;2;0;0;0m▄[48;2;0;0;0m[38;2;0;0;0m▄[48;2;0;0;0m[38;2;0;0;0m▄[48;2;0;0;0m[38;2;0;0;0m▄[48;2;0;0;0m[38;2;0;0;0m▄[48;2;0;0;0m[38;2;0;0;0m▄[48;2;0;0;0m[38;2;0;0;0m▄[48;2;0;0;0m[38;2;0;0;0m▄[48;2;0;0;0m[38;2;0;0;0m▄[48;2;0;0;0m[38;2;0;1;0m▄[48;2;0;0;0m[38;2;4;14;4m▄[48;2;0;0;0m[38;2;32;44;21m▄[48;2;0;3;0m[38;2;47;58;29m▄[48;2;0;4;0m[38;2;66;69;38m▄[48;2;0;4;0m[38;2;69;73;42m▄[48;2;0;11;0m[38;2;50;65;33m▄[48;2;0;10;0m[38;2;39;60;28m▄[48;2;0;2;0m[38;2;21;34;15m▄[48;2;0;0;0m[38;2;32;31;24m▄[48;2;0;0;0m[38;2;41;42;32m▄[48;2;0;0;0m[38;2;0;17;0m▄[48;2;0;0;0m[38;2;4;19;4m▄[48;2;79;63;52m[38;2;143;115;91m▄[48;2;133;111;92m[38;2;156;127;102m▄[48;2;109;81;65m[38;2;153;125;100m▄[48;2;105;80;62m[38;2;137;110;86m▄[48;2;93;70;56m[38;2;111;85;66m▄[48;2;60;50;42m[38;2;112;86;68m▄[48;2;0;0;0m[38;2;70;59;49m▄[48;2;0;0;0m[38;2;1;1;1m▄[48;2;0;0;0m[38;2;0;0;0m▄[48;2;0;0;0m[38;2;0;0;0m▄[48;2;0;0;0m[38;2;0;0;0m▄[48;2;0;0;0m[38;2;0;0;0m▄[48;2;0;0;0m[38;2;0;0;0m▄[48;2;0;0;0m[38;2;0;0;0m▄[48;2;0;0;0m[38;2;0;0;0m▄[48;2;0;0;0m[38;2;0;0;0m▄[48;2;0;0;0m[38;2;0;0;0m▄[48;2;0;0;0m[38;2;0;0;0m▄[48;2;0;0;0m[38;2;0;0;0m▄[48;2;0;0;0m[38;2;0;0;0m▄[48;2;0;0;0m[38;2;0;0;0m▄[m
[48;2;0;0;0m[38;2;0;0;0m▄[48;2;0;0;0m[38;2;0;0;0m▄[48;2;0;0;0m[38;2;0;0;0m▄[48;2;0;0;0m[38;2;0;0;0m▄[48;2;0;0;0m[38;2;0;0;0m▄[48;2;0;0;0m[38;2;0;0;0m▄[48;2;0;0;0m[38;2;0;0;0m▄[48;2;0;0;0m[38;2;0;0;0m▄[48;2;0;0;0m[38;2;0;0;0m▄[48;2;0;0;0m[38;2;0;0;0m▄[48;2;0;0;0m[38;2;0;0;0m▄[48;2;0;0;0m[38;2;0;0;0m▄[48;2;0;0;0m[38;2;0;0;0m▄[48;2;0;0;0m[38;2;0;0;0m▄[48;2;0;0;0m[38;2;0;0;0m▄[48;2;0;0;0m[38;2;0;0;0m▄[48;2;0;0;0m[38;2;0;0;0m▄[48;2;0;0;0m[38;2;0;0;0m▄[48;2;0;0;0m[38;2;0;0;0m▄[48;2;0;0;0m[38;2;0;0;0m▄[48;2;0;0;0m[38;2;0;0;0m▄[48;2;0;0;0m[38;2;0;0;0m▄[48;2;0;0;0m[38;2;0;0;0m▄[48;2;0;0;0m[38;2;0;0;0m▄[48;2;0;0;0m[38;2;0;1;0m▄[48;2;9;10;7m[38;2;54;52;34m▄[48;2;73;67;46m[38;2;79;78;44m▄[48;2;82;79;45m[38;2;60;69;33m▄[48;2;68;72;36m[38;2;61;70;32m▄[48;2;55;65;26m[38;2;58;69;31m▄[48;2;49;63;23m[38;2;57;68;31m▄[48;2;60;70;34m[38;2;71;80;47m▄[48;2;69;77;43m[38;2;61;72;38m▄[48;2;72;78;45m[38;2;52;66;29m▄[48;2;66;66;35m[38;2;46;59;23m▄[48;2;112;98;70m[38;2;108;98;67m▄[48;2;130;122;91m[38;2;92;95;64m▄[48;2;75;84;51m[38;2;75;84;55m▄[48;2;70;81;49m[38;2;73;83;53m▄[48;2;104;92;66m[38;2;77;84;53m▄[48;2;140;119;92m[38;2;93;93;63m▄[48;2;173;149;119m[38;2;118;107;77m▄[48;2;175;149;119m[38;2;161;138;109m▄[48;2;159;131;103m[38;2;173;147;119m▄[48;2;115;88;70m[38;2;175;148;118m▄[48;2;106;82;65m[38;2;128;101;79m▄[48;2;96;81;68m[38;2;122;100;81m▄[48;2;1;1;1m[38;2;12;11;10m▄[48;2;0;0;0m[38;2;0;0;0m▄[48;2;0;0;0m[38;2;0;0;0m▄[48;2;0;0;0m[38;2;0;0;0m▄[48;2;0;0;0m[38;2;0;0;0m▄[48;2;0;0;0m[38;2;0;0;0m▄[48;2;0;0;0m[38;2;0;0;0m▄[48;2;0;0;0m[38;2;0;0;0m▄[48;2;0;0;0m[38;2;0;0;0m▄[48;2;0;0;0m[38;2;0;0;0m▄[48;2;0;0;0m[38;2;0;0;0m▄[48;2;0;0;0m[38;2;0;0;0m▄[48;2;0;0;0m[38;2;0;0;0m▄[m
[48;2;0;0;0m[38;2;0;0;0m▄[48;2;0;0;0m[38;2;0;0;0m▄[48;2;0;0;0m[38;2;0;0;0m▄[48;2;0;0;0m[38;2;0;0;0m▄[48;2;0;0;0m[38;2;0;0;0m▄[48;2;0;0;0m[38;2;0;0;0m▄[48;2;0;0;0m[38;2;0;0;0m▄[48;2;0;0;0m[38;2;0;0;0m▄[48;2;0;0;0m[38;2;0;0;0m▄[48;2;0;0;0m[38;2;0;0;0m▄[48;2;0;0;0m[38;2;0;0;0m▄[48;2;0;0;0m[38;2;0;0;0m▄[48;2;0;0;0m[38;2;0;0;0m▄[48;2;0;0;0m[38;2;0;0;0m▄[48;2;0;0;0m[38;2;0;0;0m▄[48;2;0;0;0m[38;2;0;0;0m▄[48;2;0;0;0m[38;2;0;0;0m▄[48;2;0;0;0m[38;2;0;0;0m▄[48;2;0;0;0m[38;2;0;0;0m▄[48;2;0;0;0m[38;2;0;0;0m▄[48;2;0;0;0m[38;2;0;0;0m▄[48;2;0;0;0m[38;2;0;0;0m▄[48;2;0;0;0m[38;2;0;0;0m▄[48;2;0;0;0m[38;2;0;0;0m▄[48;2;6;11;5m[38;2;26;27;19m▄[48;2;44;56;23m[38;2;43;57;19m▄[48;2;58;68;29m[38;2;42;59;16m▄[48;2;58;68;28m[38;2;29;55;9m▄[48;2;61;70;32m[38;2;35;57;13m▄[48;2;72;82;51m[38;2;59;72;36m▄[48;2;68;78;47m[38;2;63;74;42m▄[48;2;62;74;42m[38;2;47;63;27m▄[48;2;48;64;27m[38;2;46;63;25m▄[48;2;44;62;23m[38;2;54;68;32m▄[48;2;51;64;28m[38;2;71;80;48m▄[48;2;127;118;88m[38;2;135;126;98m▄[48;2;87;92;62m[38;2;74;82;52m▄[48;2;72;81;50m[38;2;64;76;45m▄[48;2;69;80;50m[38;2;59;72;39m▄[48;2;67;78;48m[38;2;49;65;29m▄[48;2;63;75;42m[38;2;52;66;30m▄[48;2;70;75;41m[38;2;85;90;59m▄[48;2;113;98;69m[38;2;134;129;100m▄[48;2;167;144;114m[38;2;144;136;107m▄[48;2;193;169;135m[38;2;138;128;97m▄[48;2;180;154;122m[38;2;125;116;87m▄[48;2;40;35;31m[38;2;5;9;4m▄[48;2;0;0;0m[38;2;0;0;0m▄[48;2;0;0;0m[38;2;0;0;0m▄[48;2;0;0;0m[38;2;0;0;0m▄[48;2;0;0;0m[38;2;0;0;0m▄[48;2;0;0;0m[38;2;0;0;0m▄[48;2;0;0;0m[38;2;0;0;0m▄[48;2;0;0;0m[38;2;0;0;0m▄[48;2;0;0;0m[38;2;0;0;0m▄[48;2;0;0;0m[38;2;0;0;0m▄[48;2;0;0;0m[38;2;0;0;0m▄[48;2;0;0;0m[38;2;0;0;0m▄[48;2;0;0;0m[38;2;0;0;0m▄[48;2;0;0;0m[38;2;0;0;0m▄[m
[48;2;0;0;0m[38;2;0;0;0m▄[48;2;0;0;0m[38;2;0;0;0m▄[48;2;0;0;0m[38;2;0;0;0m▄[48;2;0;0;0m[38;2;0;0;0m▄[48;2;0;0;0m[38;2;0;0;0m▄[48;2;0;0;0m[38;2;0;0;0m▄[48;2;0;0;0m[38;2;0;0;0m▄[48;2;0;0;0m[38;2;0;0;0m▄[48;2;0;0;0m[38;2;0;0;0m▄[48;2;0;0;0m[38;2;0;0;0m▄[48;2;0;0;0m[38;2;0;0;0m▄[48;2;0;0;0m[38;2;0;0;0m▄[48;2;0;0;0m[38;2;0;0;0m▄[48;2;0;0;0m[38;2;0;0;0m▄[48;2;0;0;0m[38;2;0;0;0m▄[48;2;0;0;0m[38;2;0;0;0m▄[48;2;0;0;0m[38;2;0;0;0m▄[48;2;0;0;0m[38;2;0;0;0m▄[48;2;0;0;0m[38;2;0;0;0m▄[48;2;0;0;0m[38;2;0;0;0m▄[48;2;0;0;0m[38;2;0;0;0m▄[48;2;0;0;0m[38;2;0;0;0m▄[48;2;0;0;0m[38;2;0;0;0m▄[48;2;0;0;0m[38;2;0;0;0m▄[48;2;20;22;15m[38;2;0;3;0m▄[48;2;36;54;14m[38;2;34;53;19m▄[48;2;19;53;5m[38;2;14;52;4m▄[48;2;27;55;9m[38;2;21;54;6m▄[48;2;30;55;10m[38;2;38;59;16m▄[48;2;60;69;31m[38;2;46;62;21m▄[48;2;44;62;22m[38;2;33;57;14m▄[48;2;38;59;19m[38;2;27;55;12m▄[48;2;34;57;15m[38;2;27;55;11m▄[48;2;43;61;23m[38;2;38;60;24m▄[48;2;94;97;68m[38;2;115;104;78m▄[48;2;141;131;105m[38;2;140;123;97m▄[48;2;79;84;58m[38;2;88;86;61m▄[48;2;60;71;41m[38;2;101;100;71m▄[48;2;48;63;29m[38;2;124;116;87m▄[48;2;90;93;64m[38;2;122;115;86m▄[48;2;113;113;85m[38;2;97;97;71m▄[48;2;107;109;81m[38;2;57;69;36m▄[48;2;82;85;54m[38;2;67;77;44m▄[48;2;81;86;53m[38;2;63;74;40m▄[48;2;75;82;48m[38;2;63;74;39m▄[48;2;92;94;63m[38;2;58;71;36m▄[48;2;56;64;39m[38;2;53;66;32m▄[48;2;26;30;20m[38;2;77;79;49m▄[48;2;0;1;0m[38;2;74;77;52m▄[48;2;0;0;0m[38;2;9;26;7m▄[48;2;0;0;0m[38;2;0;5;0m▄[48;2;0;0;0m[38;2;0;0;0m▄[48;2;0;0;0m[38;2;0;0;0m▄[48;2;0;0;0m[38;2;0;0;0m▄[48;2;0;0;0m[38;2;0;0;0m▄[48;2;0;0;0m[38;2;0;0;0m▄[48;2;0;0;0m[38;2;0;0;0m▄[48;2;0;0;0m[38;2;0;0;0m▄[48;2;0;0;0m[38;2;0;0;0m▄[48;2;0;0;0m[38;2;0;0;0m▄[m
[48;2;0;0;0m[38;2;0;0;0m▄[48;2;0;0;0m[38;2;0;0;0m▄[48;2;0;0;0m[38;2;0;0;0m▄[48;2;0;0;0m[38;2;0;0;0m▄[48;2;0;0;0m[38;2;0;0;0m▄[48;2;0;0;0m[38;2;0;0;0m▄[48;2;0;0;0m[38;2;0;0;0m▄[48;2;0;0;0m[38;2;0;0;0m▄[48;2;0;0;0m[38;2;0;0;0m▄[48;2;0;0;0m[38;2;0;0;0m▄[48;2;0;0;0m[38;2;0;0;0m▄[48;2;0;0;0m[38;2;0;0;0m▄[48;2;0;0;0m[38;2;0;0;0m▄[48;2;0;0;0m[38;2;0;0;0m▄[48;2;0;0;0m[38;2;0;0;0m▄[48;2;0;0;0m[38;2;0;0;0m▄[48;2;0;0;0m[38;2;0;0;0m▄[48;2;0;0;0m[38;2;0;0;0m▄[48;2;0;0;0m[38;2;0;0;0m▄[48;2;0;0;0m[38;2;0;0;0m▄[48;2;0;0;0m[38;2;0;0;0m▄[48;2;0;0;0m[38;2;0;0;0m▄[48;2;0;0;0m[38;2;0;0;0m▄[48;2;0;0;0m[38;2;0;0;0m▄[48;2;0;0;0m[38;2;0;0;0m▄[48;2;25;41;16m[38;2;7;22;6m▄[48;2;35;55;13m[38;2;49;60;24m▄[48;2;36;57;14m[38;2;40;58;16m▄[48;2;31;56;12m[38;2;24;54;8m▄[48;2;28;55;11m[38;2;23;54;9m▄[48;2;23;54;9m[38;2;24;54;10m▄[48;2;21;53;8m[38;2;27;54;13m▄[48;2;26;53;11m[38;2;38;48;20m▄[48;2;66;69;41m[38;2;130;111;88m▄[48;2;138;118;96m[38;2;164;134;105m▄[48;2;148;129;104m[38;2;139;118;94m▄[48;2;139;125;98m[38;2;122;113;84m▄[48;2;118;112;84m[38;2;65;67;40m▄[48;2;96;92;66m[38;2;55;64;32m▄[48;2;69;71;41m[38;2;52;66;31m▄[48;2;52;66;31m[38;2;34;58;17m▄[48;2;43;62;22m[38;2;49;64;26m▄[48;2;59;71;36m[38;2;53;66;30m▄[48;2;61;72;38m[38;2;68;74;41m▄[48;2;48;64;28m[38;2;71;77;45m▄[48;2;51;67;32m[38;2;76;83;53m▄[48;2;59;71;37m[38;2;58;70;37m▄[48;2;54;68;32m[38;2;53;67;32m▄[48;2;64;74;42m[38;2;62;74;41m▄[48;2;70;80;50m[38;2;63;75;42m▄[48;2;26;51;19m[38;2;79;86;56m▄[48;2;0;15;0m[38;2;55;71;38m▄[48;2;0;1;0m[38;2;7;31;5m▄[48;2;0;0;0m[38;2;0;5;0m▄[48;2;0;0;0m[38;2;0;0;0m▄[48;2;0;0;0m[38;2;0;0;0m▄[48;2;0;0;0m[38;2;0;0;0m▄[48;2;0;0;0m[38;2;0;0;0m▄[48;2;0;0;0m[38;2;0;0;0m▄[48;2;0;0;0m[38;2;0;0;0m▄[m
[48;2;0;0;0m[38;2;0;0;0m▄[48;2;0;0;0m[38;2;0;0;0m▄[48;2;0;0;0m[38;2;0;0;0m▄[48;2;0;0;0m[38;2;0;0;0m▄[48;2;0;0;0m[38;2;0;0;0m▄[48;2;0;0;0m[38;2;0;0;0m▄[48;2;0;0;0m[38;2;0;0;0m▄[48;2;0;0;0m[38;2;0;0;0m▄[48;2;0;0;0m[38;2;0;0;0m▄[48;2;0;0;0m[38;2;0;0;0m▄[48;2;0;0;0m[38;2;0;0;0m▄[48;2;0;0;0m[38;2;0;0;0m▄[48;2;0;0;0m[38;2;0;0;0m▄[48;2;0;0;0m[38;2;0;0;0m▄[48;2;0;0;0m[38;2;0;0;0m▄[48;2;0;0;0m[38;2;0;0;0m▄[48;2;0;0;0m[38;2;0;0;0m▄[48;2;0;0;0m[38;2;0;0;0m▄[48;2;0;0;0m[38;2;0;0;0m▄[48;2;0;0;0m[38;2;0;0;0m▄[48;2;0;0;0m[38;2;0;0;0m▄[48;2;0;0;0m[38;2;0;0;0m▄[48;2;0;0;0m[38;2;0;0;0m▄[48;2;0;0;0m[38;2;0;0;0m▄[48;2;0;0;0m[38;2;0;0;0m▄[48;2;0;4;0m[38;2;0;0;0m▄[48;2;15;40;10m[38;2;0;13;0m▄[48;2;32;55;15m[38;2;26;48;17m▄[48;2;23;54;9m[38;2;29;52;13m▄[48;2;20;53;7m[38;2;24;52;10m▄[48;2;23;53;10m[38;2;43;61;23m▄[48;2;39;55;21m[38;2;87;85;53m▄[48;2;83;72;49m[38;2;68;68;39m▄[48;2;143;121;95m[38;2;140;125;96m▄[48;2;152;136;107m[38;2;59;63;38m▄[48;2;90;86;58m[38;2;48;58;25m▄[48;2;55;62;31m[38;2;34;57;16m▄[48;2;44;61;24m[38;2;36;59;19m▄[48;2;43;61;23m[38;2;32;57;17m▄[48;2;38;60;21m[38;2;34;58;16m▄[48;2;37;59;17m[38;2;51;65;28m▄[48;2;53;65;29m[38;2;52;64;28m▄[48;2;59;66;33m[38;2;59;66;35m▄[48;2;73;76;46m[38;2;64;71;40m▄[48;2;63;73;40m[38;2;58;70;36m▄[48;2;61;73;40m[38;2;62;73;40m▄[48;2;52;67;32m[38;2;52;67;31m▄[48;2;53;67;32m[38;2;52;67;32m▄[48;2;66;77;44m[38;2;59;72;38m▄[48;2;63;74;42m[38;2;61;71;37m▄[48;2;57;70;36m[38;2;58;69;35m▄[48;2;64;74;40m[38;2;63;75;43m▄[48;2;71;80;47m[38;2;75;84;54m▄[48;2;22;46;17m[38;2;62;74;42m▄[48;2;0;5;0m[38;2;3;32;2m▄[48;2;0;0;0m[38;2;0;5;0m▄[48;2;0;0;0m[38;2;0;0;0m▄[48;2;0;0;0m[38;2;0;0;0m▄[48;2;0;0;0m[38;2;0;0;0m▄[48;2;0;0;0m[38;2;0;0;0m▄[m
[48;2;0;0;0m[38;2;0;0;0m▄[48;2;0;0;0m[38;2;0;0;0m▄[48;2;0;0;0m[38;2;0;0;0m▄[48;2;0;0;0m[38;2;0;0;0m▄[48;2;0;0;0m[38;2;0;0;0m▄[48;2;0;0;0m[38;2;0;0;0m▄[48;2;0;0;0m[38;2;0;0;0m▄[48;2;0;0;0m[38;2;0;0;0m▄[48;2;0;0;0m[38;2;0;0;0m▄[48;2;0;0;0m[38;2;0;0;0m▄[48;2;0;0;0m[38;2;0;0;0m▄[48;2;0;0;0m[38;2;0;0;0m▄[48;2;0;0;0m[38;2;0;0;0m▄[48;2;0;0;0m[38;2;0;0;0m▄[48;2;0;0;0m[38;2;0;0;0m▄[48;2;0;0;0m[38;2;0;0;0m▄[48;2;0;0;0m[38;2;0;0;0m▄[48;2;0;0;0m[38;2;0;0;0m▄[48;2;0;0;0m[38;2;0;0;0m▄[48;2;0;0;0m[38;2;0;0;0m▄[48;2;0;0;0m[38;2;0;0;0m▄[48;2;0;0;0m[38;2;0;0;0m▄[48;2;0;0;0m[38;2;0;0;0m▄[48;2;0;0;0m[38;2;0;0;0m▄[48;2;0;0;0m[38;2;0;0;0m▄[48;2;0;0;0m[38;2;0;0;0m▄[48;2;0;0;0m[38;2;0;0;0m▄[48;2;2;11;1m[38;2;0;0;0m▄[48;2;73;66;48m[38;2;93;69;62m▄[48;2;97;90;63m[38;2;134;106;84m▄[48;2;76;77;48m[38;2;98;88;63m▄[48;2;88;83;54m[38;2;38;53;23m▄[48;2;84;82;53m[38;2;79;79;50m▄[48;2;112;101;73m[38;2;94;88;60m▄[48;2;47;54;25m[38;2;51;55;27m▄[48;2;35;55;16m[38;2;43;55;21m▄[48;2;32;57;16m[38;2;34;56;17m▄[48;2;30;57;15m[38;2;41;60;21m▄[48;2;34;58;16m[38;2;39;59;18m▄[48;2;46;62;21m[38;2;37;58;16m▄[48;2;51;65;27m[38;2;36;58;17m▄[48;2;46;62;25m[38;2;39;59;18m▄[48;2;46;62;26m[38;2;38;58;18m▄[48;2;52;64;29m[38;2;45;61;22m▄[48;2;54;68;33m[38;2;53;66;30m▄[48;2;64;75;42m[38;2;64;75;42m▄[48;2;53;67;33m[38;2;57;70;37m▄[48;2;48;65;29m[38;2;55;69;34m▄[48;2;63;74;42m[38;2;66;76;45m▄[48;2;66;71;41m[38;2;65;70;40m▄[48;2;68;74;43m[38;2;61;71;38m▄[48;2;65;76;44m[38;2;70;80;52m▄[48;2;73;83;56m[38;2;66;77;45m▄[48;2;66;77;45m[38;2;66;77;45m▄[48;2;46;67;33m[38;2;71;80;50m▄[48;2;0;27;0m[38;2;33;58;25m▄[48;2;0;6;0m[38;2;0;20;0m▄[48;2;0;0;0m[38;2;0;0;0m▄[48;2;0;0;0m[38;2;0;0;0m▄[48;2;0;0;0m[38;2;0;0;0m▄[m
[48;2;0;0;0m[38;2;0;0;0m▄[48;2;0;0;0m[38;2;0;0;0m▄[48;2;0;0;0m[38;2;0;0;0m▄[48;2;0;0;0m[38;2;0;0;0m▄[48;2;0;0;0m[38;2;0;0;0m▄[48;2;0;0;0m[38;2;0;0;0m▄[48;2;0;0;0m[38;2;0;0;0m▄[48;2;0;0;0m[38;2;0;0;0m▄[48;2;0;0;0m[38;2;0;0;0m▄[48;2;0;0;0m[38;2;0;0;0m▄[48;2;0;0;0m[38;2;0;0;0m▄[48;2;0;0;0m[38;2;0;0;0m▄[48;2;0;0;0m[38;2;0;0;0m▄[48;2;0;0;0m[38;2;0;0;0m▄[48;2;0;0;0m[38;2;0;0;0m▄[48;2;0;0;0m[38;2;0;0;0m▄[48;2;0;0;0m[38;2;0;0;0m▄[48;2;0;0;0m[38;2;0;0;0m▄[48;2;0;0;0m[38;2;0;0;0m▄[48;2;0;0;0m[38;2;0;0;0m▄[48;2;0;0;0m[38;2;0;0;0m▄[48;2;0;0;0m[38;2;0;0;0m▄[48;2;0;0;0m[38;2;0;0;0m▄[48;2;0;0;0m[38;2;0;0;0m▄[48;2;0;0;0m[38;2;0;0;0m▄[48;2;0;0;0m[38;2;0;0;0m▄[48;2;0;0;0m[38;2;0;0;0m▄[48;2;19;16;15m[38;2;35;27;25m▄[48;2;102;69;60m[38;2;101;68;57m▄[48;2;97;67;57m[38;2;126;87;72m▄[48;2;62;49;36m[38;2;92;63;52m▄[48;2;30;43;15m[38;2;35;35;20m▄[48;2;97;88;61m[38;2;111;96;69m▄[48;2;62;67;39m[38;2;65;71;44m▄[48;2;30;45;14m[38;2;29;44;16m▄[48;2;33;46;15m[38;2;29;45;15m▄[48;2;30;49;14m[38;2;32;46;15m▄[48;2;31;54;14m[38;2;33;51;16m▄[48;2;32;56;14m[38;2;36;56;19m▄[48;2;31;57;16m[38;2;30;56;16m▄[48;2;29;56;14m[38;2;30;56;15m▄[48;2;31;56;14m[38;2;33;57;16m▄[48;2;37;58;16m[38;2;37;58;17m▄[48;2;41;59;19m[38;2;35;57;16m▄[48;2;53;66;28m[38;2;41;60;19m▄[48;2;72;82;50m[38;2;79;87;56m▄[48;2;63;75;44m[38;2;72;83;54m▄[48;2;61;73;41m[38;2;63;75;44m▄[48;2;59;72;40m[38;2;55;68;35m▄[48;2;48;63;28m[38;2;46;63;26m▄[48;2;61;72;40m[38;2;61;72;39m▄[48;2;63;75;44m[38;2;65;76;45m▄[48;2;71;79;48m[38;2;74;82;52m▄[48;2;68;77;46m[38;2;74;82;53m▄[48;2;67;77;45m[38;2;72;83;54m▄[48;2;86;91;62m[38;2;84;89;61m▄[48;2;2;31;2m[38;2;9;40;8m▄[48;2;0;4;0m[38;2;0;7;0m▄[48;2;0;0;0m[38;2;0;0;0m▄[48;2;0;0;0m[38;2;0;0;0m▄[m
[48;2;0;0;0m[38;2;0;0;0m▄[48;2;0;0;0m[38;2;0;0;0m▄[48;2;0;0;0m[38;2;0;0;0m▄[48;2;0;0;0m[38;2;0;0;0m▄[48;2;0;0;0m[38;2;0;0;0m▄[48;2;0;0;0m[38;2;0;0;0m▄[48;2;0;0;0m[38;2;0;0;0m▄[48;2;0;0;0m[38;2;0;0;0m▄[48;2;0;0;0m[38;2;0;0;0m▄[48;2;0;0;0m[38;2;0;0;0m▄[48;2;0;0;0m[38;2;0;0;0m▄[48;2;0;0;0m[38;2;0;0;0m▄[48;2;0;0;0m[38;2;0;0;0m▄[48;2;0;0;0m[38;2;0;0;0m▄[48;2;0;0;0m[38;2;0;0;0m▄[48;2;0;0;0m[38;2;0;0;0m▄[48;2;0;0;0m[38;2;0;0;0m▄[48;2;0;0;0m[38;2;0;0;0m▄[48;2;0;0;0m[38;2;0;0;0m▄[48;2;0;0;0m[38;2;0;0;0m▄[48;2;0;0;0m[38;2;0;0;0m▄[48;2;0;0;0m[38;2;0;0;0m▄[48;2;0;0;0m[38;2;0;0;0m▄[48;2;0;0;0m[38;2;0;0;0m▄[48;2;0;0;0m[38;2;0;0;0m▄[48;2;0;0;0m[38;2;19;15;14m▄[48;2;32;25;23m[38;2;80;55;48m▄[48;2;66;44;37m[38;2;98;71;59m▄[48;2;69;48;40m[38;2;100;73;62m▄[48;2;137;103;83m[38;2;96;71;59m▄[48;2;129;92;75m[38;2;151;123;101m▄[48;2;93;64;54m[38;2;144;111;89m▄[48;2;139;112;89m[38;2;151;120;98m▄[48;2;62;58;40m[38;2;91;70;57m▄[48;2;35;46;19m[38;2;51;51;29m▄[48;2;43;52;22m[38;2;36;50;19m▄[48;2;43;55;23m[38;2;28;53;14m▄[48;2;40;58;21m[38;2;27;55;14m▄[48;2;41;60;22m[38;2;28;55;13m▄[48;2;33;57;16m[38;2;27;55;12m▄[48;2;37;59;19m[38;2;35;56;17m▄[48;2;43;60;23m[38;2;49;60;25m▄[48;2;54;65;29m[38;2;45;59;23m▄[48;2;46;62;23m[38;2;40;59;19m▄[48;2;48;62;25m[38;2;45;62;22m▄[48;2;69;77;43m[38;2;57;68;31m▄[48;2;76;85;58m[38;2;73;80;49m▄[48;2;67;78;49m[38;2;74;82;54m▄[48;2;58;70;37m[38;2;60;72;38m▄[48;2;61;73;41m[38;2;72;83;56m▄[48;2;68;79;48m[38;2;82;91;67m▄[48;2;72;81;52m[38;2;83;92;68m▄[48;2;73;83;54m[38;2;75;84;57m▄[48;2;62;74;42m[38;2;70;80;50m▄[48;2;64;74;42m[38;2;69;78;48m▄[48;2;64;79;48m[38;2;53;76;42m▄[48;2;0;36;0m[38;2;0;37;0m▄[48;2;0;8;0m[38;2;0;7;0m▄[48;2;0;0;0m[38;2;0;0;0m▄[48;2;0;0;0m[38;2;0;0;0m▄[m
[48;2;0;0;0m[38;2;0;0;0m▄[48;2;0;0;0m[38;2;0;0;0m▄[48;2;0;0;0m[38;2;0;0;0m▄[48;2;0;0;0m[38;2;0;0;0m▄[48;2;0;0;0m[38;2;0;0;0m▄[48;2;0;0;0m[38;2;0;0;0m▄[48;2;0;0;0m[38;2;0;0;0m▄[48;2;0;0;0m[38;2;0;0;0m▄[48;2;0;0;0m[38;2;0;0;0m▄[48;2;0;0;0m[38;2;0;0;0m▄[48;2;0;0;0m[38;2;0;0;0m▄[48;2;0;0;0m[38;2;0;0;0m▄[48;2;0;0;0m[38;2;0;0;0m▄[48;2;0;0;0m[38;2;0;0;0m▄[48;2;0;0;0m[38;2;0;0;0m▄[48;2;0;0;0m[38;2;0;0;0m▄[48;2;0;0;0m[38;2;0;0;0m▄[48;2;0;0;0m[38;2;0;0;0m▄[48;2;0;0;0m[38;2;0;0;0m▄[48;2;0;0;0m[38;2;0;0;0m▄[48;2;0;0;0m[38;2;0;0;0m▄[48;2;0;0;0m[38;2;0;0;0m▄[48;2;0;0;0m[38;2;0;0;0m▄[48;2;0;0;0m[38;2;4;4;4m▄[48;2;11;9;8m[38;2;73;52;45m▄[48;2;83;59;50m[38;2;120;86;71m▄[48;2;96;68;57m[38;2;132;101;82m▄[48;2;115;86;72m[38;2;142;113;93m▄[48;2;121;93;77m[38;2;132;104;85m▄[48;2;116;89;74m[38;2;139;112;93m▄[48;2;121;95;80m[38;2;141;116;96m▄[48;2;142;113;92m[38;2;146;119;97m▄[48;2;130;95;77m[38;2;88;68;58m▄[48;2;102;76;64m[38;2;4;3;3m▄[48;2;37;33;23m[38;2;16;14;13m▄[48;2;40;46;21m[38;2;55;45;34m▄[48;2;27;53;12m[38;2;30;47;15m▄[48;2;33;57;16m[38;2;27;54;12m▄[48;2;37;58;18m[38;2;24;54;11m▄[48;2;30;55;14m[38;2;20;53;8m▄[48;2;34;52;15m[38;2;24;52;10m▄[48;2;55;59;27m[38;2;29;51;11m▄[48;2;45;57;21m[38;2;29;52;11m▄[48;2;49;61;24m[38;2;48;60;23m▄[48;2;49;63;25m[38;2;72;76;41m▄[48;2;53;66;28m[38;2;60;68;33m▄[48;2;49;64;27m[38;2;53;66;30m▄[48;2;60;71;37m[38;2;52;66;30m▄[48;2;67;76;44m[38;2;62;74;42m▄[48;2;74;83;55m[38;2;63;75;42m▄[48;2;82;91;66m[38;2;70;81;51m▄[48;2;85;94;71m[38;2;80;90;64m▄[48;2;78;87;61m[38;2;78;87;62m▄[48;2;75;85;58m[38;2;76;85;57m▄[48;2;73;82;52m[38;2;78;85;55m▄[48;2;61;78;46m[38;2;59;77;45m▄[48;2;0;32;0m[38;2;0;23;0m▄[48;2;0;4;0m[38;2;0;1;0m▄[48;2;0;0;0m[38;2;0;0;0m▄[48;2;0;0;0m[38;2;0;0;0m▄[m
[48;2;0;0;0m[38;2;0;0;0m▄[48;2;0;0;0m[38;2;0;0;0m▄[48;2;0;0;0m[38;2;0;0;0m▄[48;2;0;0;0m[38;2;0;0;0m▄[48;2;0;0;0m[38;2;0;0;0m▄[48;2;0;0;0m[38;2;0;0;0m▄[48;2;0;0;0m[38;2;0;0;0m▄[48;2;0;0;0m[38;2;0;0;0m▄[48;2;0;0;0m[38;2;0;0;0m▄[48;2;0;0;0m[38;2;0;0;0m▄[48;2;0;0;0m[38;2;0;0;0m▄[48;2;0;0;0m[38;2;0;0;0m▄[48;2;0;0;0m[38;2;0;0;0m▄[48;2;0;0;0m[38;2;0;0;0m▄[48;2;0;0;0m[38;2;0;0;0m▄[48;2;0;0;0m[38;2;0;0;0m▄[48;2;0;0;0m[38;2;0;0;0m▄[48;2;0;0;0m[38;2;0;0;0m▄[48;2;0;0;0m[38;2;0;0;0m▄[48;2;0;0;0m[38;2;0;0;0m▄[48;2;0;0;0m[38;2;0;0;0m▄[48;2;0;0;0m[38;2;0;0;0m▄[48;2;0;0;0m[38;2;46;35;31m▄[48;2;64;47;42m[38;2;112;79;65m▄[48;2;118;84;69m[38;2;141;108;88m▄[48;2;140;107;88m[38;2;153;124;102m▄[48;2;155;125;102m[38;2;157;129;105m▄[48;2;152;124;102m[38;2;161;134;111m▄[48;2;147;120;99m[38;2;162;137;115m▄[48;2;154;129;108m[38;2;163;138;116m▄[48;2;152;126;104m[38;2;147;123;102m▄[48;2;134;112;93m[38;2;24;21;18m▄[48;2;10;8;7m[38;2;0;0;0m▄[48;2;0;0;0m[38;2;0;0;0m▄[48;2;0;0;0m[38;2;0;0;0m▄[48;2;9;12;8m[38;2;0;0;0m▄[48;2;39;46;24m[38;2;4;16;3m▄[48;2;27;49;13m[38;2;35;47;23m▄[48;2;28;54;13m[38;2;53;60;30m▄[48;2;30;56;14m[38;2;43;60;22m▄[48;2;33;56;14m[38;2;30;56;14m▄[48;2;26;54;10m[38;2;23;54;8m▄[48;2;26;54;9m[38;2;19;53;6m▄[48;2;47;63;24m[38;2;22;54;8m▄[48;2;58;68;32m[38;2;39;58;17m▄[48;2;56;66;31m[38;2;53;65;28m▄[48;2;47;63;27m[38;2;57;68;33m▄[48;2;42;61;24m[38;2;58;69;34m▄[48;2;46;63;25m[38;2;62;73;39m▄[48;2;56;69;35m[38;2;66;77;43m▄[48;2;61;73;40m[38;2;74;84;55m▄[48;2;56;69;34m[38;2;84;93;69m▄[48;2;52;66;30m[38;2;78;87;61m▄[48;2;61;71;37m[38;2;81;89;63m▄[48;2;60;75;41m[38;2;9;51;7m▄[48;2;4;38;3m[38;2;0;21;0m▄[48;2;0;10;0m[38;2;0;1;0m▄[48;2;0;0;0m[38;2;0;0;0m▄[48;2;0;0;0m[38;2;0;0;0m▄[48;2;0;0;0m[38;2;0;0;0m▄[m
[48;2;0;0;0m[38;2;0;0;0m▄[48;2;0;0;0m[38;2;0;0;0m▄[48;2;0;0;0m[38;2;0;0;0m▄[48;2;0;0;0m[38;2;0;0;0m▄[48;2;0;0;0m[38;2;0;0;0m▄[48;2;0;0;0m[38;2;0;0;0m▄[48;2;0;0;0m[38;2;0;0;0m▄[48;2;0;0;0m[38;2;0;0;0m▄[48;2;0;0;0m[38;2;0;0;0m▄[48;2;0;0;0m[38;2;0;0;0m▄[48;2;0;0;0m[38;2;0;0;0m▄[48;2;0;0;0m[38;2;0;0;0m▄[48;2;0;0;0m[38;2;0;0;0m▄[48;2;0;0;0m[38;2;0;0;0m▄[48;2;0;0;0m[38;2;0;0;0m▄[48;2;0;0;0m[38;2;0;0;0m▄[48;2;0;0;0m[38;2;0;0;0m▄[48;2;0;0;0m[38;2;0;0;0m▄[48;2;0;0;0m[38;2;0;0;0m▄[48;2;0;0;0m[38;2;0;0;0m▄[48;2;0;0;0m[38;2;14;11;11m▄[48;2;25;20;19m[38;2;90;64;54m▄[48;2;109;77;64m[38;2;129;95;78m▄[48;2;132;98;80m[38;2;146;113;92m▄[48;2;148;116;95m[38;2;151;122;99m▄[48;2;158;129;105m[38;2;164;136;110m▄[48;2;164;136;113m[38;2;163;138;115m▄[48;2;168;144;123m[38;2;168;144;122m▄[48;2;170;147;124m[38;2;166;143;120m▄[48;2;165;141;119m[38;2;64;55;47m▄[48;2;39;33;28m[38;2;0;0;0m▄[48;2;0;0;0m[38;2;0;0;0m▄[48;2;0;0;0m[38;2;0;0;0m▄[48;2;0;0;0m[38;2;0;0;0m▄[48;2;0;0;0m[38;2;0;0;0m▄[48;2;0;0;0m[38;2;0;0;0m▄[48;2;0;0;0m[38;2;0;0;0m▄[48;2;0;7;0m[38;2;0;0;0m▄[48;2;7;26;6m[38;2;0;0;0m▄[48;2;31;52;17m[38;2;16;24;12m▄[48;2;29;55;12m[38;2;53;60;31m▄[48;2;31;56;12m[38;2;50;60;22m▄[48;2;42;60;17m[38;2;45;60;18m▄[48;2;49;62;19m[38;2;56;65;23m▄[48;2;61;70;32m[38;2;74;78;42m▄[48;2;64;71;34m[38;2;64;70;32m▄[48;2;60;69;32m[38;2;61;69;30m▄[48;2;58;69;32m[38;2;60;70;34m▄[48;2;62;71;36m[38;2;46;61;23m▄[48;2;55;65;29m[38;2;40;59;19m▄[48;2;56;68;32m[38;2;49;64;25m▄[48;2;67;77;43m[38;2;59;70;35m▄[48;2;83;90;63m[38;2;76;81;53m▄[48;2;82;93;68m[38;2;55;70;43m▄[48;2;0;35;0m[38;2;0;10;0m▄[48;2;0;4;0m[38;2;0;0;0m▄[48;2;0;0;0m[38;2;0;0;0m▄[48;2;0;0;0m[38;2;0;0;0m▄[48;2;0;0;0m[38;2;0;0;0m▄[48;2;0;0;0m[38;2;0;0;0m▄[m
[48;2;0;0;0m[38;2;0;0;0m▄[48;2;0;0;0m[38;2;0;0;0m▄[48;2;0;0;0m[38;2;0;0;0m▄[48;2;0;0;0m[38;2;0;0;0m▄[48;2;0;0;0m[38;2;0;0;0m▄[48;2;0;0;0m[38;2;0;0;0m▄[48;2;0;0;0m[38;2;0;0;0m▄[48;2;0;0;0m[38;2;0;0;0m▄[48;2;0;0;0m[38;2;0;0;0m▄[48;2;0;0;0m[38;2;0;0;0m▄[48;2;0;0;0m[38;2;0;0;0m▄[48;2;0;0;0m[38;2;0;0;0m▄[48;2;0;0;0m[38;2;0;0;0m▄[48;2;0;0;0m[38;2;0;0;0m▄[48;2;0;0;0m[38;2;0;0;0m▄[48;2;0;0;0m[38;2;0;0;0m▄[48;2;0;0;0m[38;2;0;0;0m▄[48;2;0;0;0m[38;2;0;0;0m▄[48;2;0;0;0m[38;2;3;2;2m▄[48;2;9;8;7m[38;2;73;53;45m▄[48;2;86;62;53m[38;2;122;89;72m▄[48;2;133;98;79m[38;2;158;125;101m▄[48;2;160;128;103m[38;2;162;132;106m▄[48;2;161;132;108m[38;2;150;121;98m▄[48;2;161;133;109m[38;2;151;125;103m▄[48;2;160;134;111m[38;2;153;128;106m▄[48;2;155;131;109m[38;2;159;134;111m▄[48;2;160;136;113m[38;2;116;98;81m▄[48;2;79;68;57m[38;2;0;0;0m▄[48;2;0;0;0m[38;2;0;0;0m▄[48;2;0;0;0m[38;2;0;0;0m▄[48;2;0;0;0m[38;2;0;0;0m▄[48;2;0;0;0m[38;2;0;0;0m▄[48;2;0;0;0m[38;2;0;0;0m▄[48;2;0;0;0m[38;2;0;0;0m▄[48;2;0;0;0m[38;2;0;0;0m▄[48;2;0;0;0m[38;2;0;0;0m▄[48;2;0;0;0m[38;2;0;0;0m▄[48;2;0;0;0m[38;2;0;0;0m▄[48;2;0;0;0m[38;2;0;0;0m▄[48;2;0;7;0m[38;2;0;0;0m▄[48;2;25;37;17m[38;2;0;0;0m▄[48;2;46;57;25m[38;2;4;10;3m▄[48;2;32;54;11m[38;2;31;39;19m▄[48;2;34;57;13m[38;2;48;58;25m▄[48;2;66;74;36m[38;2;64;66;30m▄[48;2;69;76;40m[38;2;47;59;21m▄[48;2;65;75;42m[38;2;38;56;18m▄[48;2;60;72;38m[38;2;46;60;23m▄[48;2;57;70;35m[38;2;74;81;50m▄[48;2;54;66;32m[38;2;24;52;18m▄[48;2;61;73;41m[38;2;0;27;0m▄[48;2;34;57;27m[38;2;0;9;0m▄[48;2;0;12;0m[38;2;0;0;0m▄[48;2;0;0;0m[38;2;0;0;0m▄[48;2;0;0;0m[38;2;0;0;0m▄[48;2;0;0;0m[38;2;0;0;0m▄[48;2;0;0;0m[38;2;0;0;0m▄[48;2;0;0;0m[38;2;0;0;0m▄[48;2;0;0;0m[38;2;0;0;0m▄[m
[48;2;0;0;0m[38;2;0;0;0m▄[48;2;0;0;0m[38;2;0;0;0m▄[48;2;0;0;0m[38;2;0;0;0m▄[48;2;0;0;0m[38;2;0;0;0m▄[48;2;0;0;0m[38;2;0;0;0m▄[48;2;0;0;0m[38;2;0;0;0m▄[48;2;0;0;0m[38;2;0;0;0m▄[48;2;0;0;0m[38;2;0;0;0m▄[48;2;0;0;0m[38;2;0;0;0m▄[48;2;0;0;0m[38;2;0;0;0m▄[48;2;0;0;0m[38;2;0;0;0m▄[48;2;0;0;0m[38;2;0;0;0m▄[48;2;0;0;0m[38;2;0;0;0m▄[48;2;0;0;0m[38;2;0;0;0m▄[48;2;0;0;0m[38;2;0;0;0m▄[48;2;0;0;0m[38;2;0;0;0m▄[48;2;0;0;0m[38;2;0;0;0m▄[48;2;0;0;0m[38;2;44;33;30m▄[48;2;62;46;41m[38;2;120;86;71m▄[48;2;125;91;74m[38;2;157;123;99m▄[48;2;158;124;101m[38;2;161;129;104m▄[48;2;161;131;106m[38;2;154;124;100m▄[48;2;150;119;96m[38;2;144;116;94m▄[48;2;137;110;90m[38;2;145;119;99m▄[48;2;147;121;100m[38;2;150;125;102m▄[48;2;149;123;101m[38;2;136;111;91m▄[48;2;133;110;91m[38;2;29;25;22m▄[48;2;12;11;10m[38;2;0;0;0m▄[48;2;0;0;0m[38;2;0;0;0m▄[48;2;0;0;0m[38;2;0;0;0m▄[48;2;0;0;0m[38;2;0;0;0m▄[48;2;0;0;0m[38;2;0;0;0m▄[48;2;0;0;0m[38;2;0;0;0m▄[48;2;0;0;0m[38;2;0;0;0m▄[48;2;0;0;0m[38;2;0;0;0m▄[48;2;0;0;0m[38;2;0;0;0m▄[48;2;0;0;0m[38;2;0;0;0m▄[48;2;0;0;0m[38;2;0;0;0m▄[48;2;0;0;0m[38;2;0;0;0m▄[48;2;0;0;0m[38;2;0;0;0m▄[48;2;0;0;0m[38;2;0;0;0m▄[48;2;0;0;0m[38;2;0;0;0m▄[48;2;0;0;0m[38;2;0;0;0m▄[48;2;0;0;0m[38;2;0;0;0m▄[48;2;1;7;1m[38;2;0;0;0m▄[48;2;18;26;14m[38;2;0;0;0m▄[48;2;13;29;12m[38;2;0;0;0m▄[48;2;13;31;11m[38;2;0;0;0m▄[48;2;22;35;16m[38;2;0;0;0m▄[48;2;2;19;2m[38;2;0;0;0m▄[48;2;0;6;0m[38;2;0;0;0m▄[48;2;0;0;0m[38;2;0;0;0m▄[48;2;0;0;0m[38;2;0;0;0m▄[48;2;0;0;0m[38;2;0;0;0m▄[48;2;0;0;0m[38;2;0;0;0m▄[48;2;0;0;0m[38;2;0;0;0m▄[48;2;0;0;0m[38;2;0;0;0m▄[48;2;0;0;0m[38;2;0;0;0m▄[48;2;0;0;0m[38;2;0;0;0m▄[48;2;0;0;0m[38;2;0;0;0m▄[m
[48;2;0;0;0m[38;2;0;0;0m▄[48;2;0;0;0m[38;2;0;0;0m▄[48;2;0;0;0m[38;2;0;0;0m▄[48;2;0;0;0m[38;2;0;0;0m▄[48;2;0;0;0m[38;2;0;0;0m▄[48;2;0;0;0m[38;2;0;0;0m▄[48;2;0;0;0m[38;2;0;0;0m▄[48;2;0;0;0m[38;2;0;0;0m▄[48;2;0;0;0m[38;2;0;0;0m▄[48;2;0;0;0m[38;2;0;0;0m▄[48;2;0;0;0m[38;2;0;0;0m▄[48;2;0;0;0m[38;2;0;0;0m▄[48;2;0;0;0m[38;2;0;0;0m▄[48;2;0;0;0m[38;2;0;0;0m▄[48;2;0;0;0m[38;2;0;0;0m▄[48;2;0;0;0m[38;2;13;10;10m▄[48;2;21;17;15m[38;2;92;64;54m▄[48;2;107;76;63m[38;2;138;103;84m▄[48;2;150;116;93m[38;2;162;130;106m▄[48;2;161;129;105m[38;2;159;129;105m▄[48;2;157;126;102m[38;2;147;118;96m▄[48;2;150;121;97m[38;2;148;122;101m▄[48;2;149;123;101m[38;2;154;129;108m▄[48;2;150;126;105m[38;2;153;127;105m▄[48;2;150;124;102m[38;2;71;61;52m▄[48;2;49;41;35m[38;2;0;0;0m▄[48;2;0;0;0m[38;2;0;0;0m▄[48;2;0;0;0m[38;2;0;0;0m▄[48;2;0;0;0m[38;2;0;0;0m▄[48;2;0;0;0m[38;2;0;0;0m▄[48;2;0;0;0m[38;2;0;0;0m▄[48;2;0;0;0m[38;2;0;0;0m▄[48;2;0;0;0m[38;2;0;0;0m▄[48;2;0;0;0m[38;2;0;0;0m▄[48;2;0;0;0m[38;2;0;0;0m▄[48;2;0;0;0m[38;2;0;0;0m▄[48;2;0;0;0m[38;2;0;0;0m▄[48;2;0;0;0m[38;2;0;0;0m▄[48;2;0;0;0m[38;2;0;0;0m▄[48;2;0;0;0m[38;2;0;0;0m▄[48;2;0;0;0m[38;2;0;0;0m▄[48;2;0;0;0m[38;2;0;0;0m▄[48;2;0;0;0m[38;2;0;0;0m▄[48;2;0;0;0m[38;2;0;0;0m▄[48;2;0;0;0m[38;2;0;0;0m▄[48;2;0;0;0m[38;2;0;0;0m▄[48;2;0;0;0m[38;2;0;0;0m▄[48;2;0;0;0m[38;2;0;0;0m▄[48;2;0;0;0m[38;2;0;0;0m▄[48;2;0;0;0m[38;2;0;0;0m▄[48;2;0;0;0m[38;2;0;0;0m▄[48;2;0;0;0m[38;2;0;0;0m▄[48;2;0;0;0m[38;2;0;0;0m▄[48;2;0;0;0m[38;2;0;0;0m▄[48;2;0;0;0m[38;2;0;0;0m▄[48;2;0;0;0m[38;2;0;0;0m▄[48;2;0;0;0m[38;2;0;0;0m▄[48;2;0;0;0m[38;2;0;0;0m▄[48;2;0;0;0m[38;2;0;0;0m▄[48;2;0;0;0m[38;2;0;0;0m▄[m
[48;2;0;0;0m[38;2;0;0;0m▄[48;2;0;0;0m[38;2;0;0;0m▄[48;2;0;0;0m[38;2;0;0;0m▄[48;2;0;0;0m[38;2;0;0;0m▄[48;2;0;0;0m[38;2;0;0;0m▄[48;2;0;0;0m[38;2;0;0;0m▄[48;2;0;0;0m[38;2;0;0;0m▄[48;2;0;0;0m[38;2;0;0;0m▄[48;2;0;0;0m[38;2;0;0;0m▄[48;2;0;0;0m[38;2;0;0;0m▄[48;2;0;0;0m[38;2;0;0;0m▄[48;2;0;0;0m[38;2;0;0;0m▄[48;2;0;0;0m[38;2;0;0;0m▄[48;2;0;0;0m[38;2;0;0;0m▄[48;2;3;3;3m[38;2;49;37;32m▄[48;2;77;55;47m[38;2;106;75;62m▄[48;2;124;90;73m[38;2;150;116;94m▄[48;2;162;129;105m[38;2;168;139;114m▄[48;2;168;139;114m[38;2;152;122;99m▄[48;2;151;120;97m[38;2;154;125;103m▄[48;2;150;123;101m[38;2;154;129;108m▄[48;2;154;129;109m[38;2;149;124;103m▄[48;2;153;128;106m[38;2;113;92;78m▄[48;2;93;77;65m[38;2;6;5;5m▄[48;2;0;0;0m[38;2;0;0;0m▄[48;2;0;0;0m[38;2;0;0;0m▄[48;2;0;0;0m[38;2;0;0;0m▄[48;2;0;0;0m[38;2;0;0;0m▄[48;2;0;0;0m[38;2;0;0;0m▄[48;2;0;0;0m[38;2;0;0;0m▄[48;2;0;0;0m[38;2;0;0;0m▄[48;2;0;0;0m[38;2;0;0;0m▄[48;2;0;0;0m[38;2;0;0;0m▄[48;2;0;0;0m[38;2;0;0;0m▄[48;2;0;0;0m[38;2;0;0;0m▄[48;2;0;0;0m[38;2;0;0;0m▄[48;2;0;0;0m[38;2;0;0;0m▄[48;2;0;0;0m[38;2;0;0;0m▄[48;2;0;0;0m[38;2;0;0;0m▄[48;2;0;0;0m[38;2;0;0;0m▄[48;2;0;0;0m[38;2;0;0;0m▄[48;2;0;0;0m[38;2;0;0;0m▄[48;2;0;0;0m[38;2;0;0;0m▄[48;2;0;0;0m[38;2;0;0;0m▄[48;2;0;0;0m[38;2;0;0;0m▄[48;2;0;0;0m[38;2;0;0;0m▄[48;2;0;0;0m[38;2;0;0;0m▄[48;2;0;0;0m[38;2;0;0;0m▄[48;2;0;0;0m[38;2;0;0;0m▄[48;2;0;0;0m[38;2;0;0;0m▄[48;2;0;0;0m[38;2;0;0;0m▄[48;2;0;0;0m[38;2;0;0;0m▄[48;2;0;0;0m[38;2;0;0;0m▄[48;2;0;0;0m[38;2;0;0;0m▄[48;2;0;0;0m[38;2;0;0;0m▄[48;2;0;0;0m[38;2;0;0;0m▄[48;2;0;0;0m[38;2;0;0;0m▄[48;2;0;0;0m[38;2;0;0;0m▄[48;2;0;0;0m[38;2;0;0;0m▄[48;2;0;0;0m[38;2;0;0;0m▄[m
[48;2;0;0;0m[38;2;0;0;0m▄[48;2;0;0;0m[38;2;0;0;0m▄[48;2;0;0;0m[38;2;0;0;0m▄[48;2;0;0;0m[38;2;0;0;0m▄[48;2;0;0;0m[38;2;0;0;0m▄[48;2;0;0;0m[38;2;0;0;0m▄[48;2;0;0;0m[38;2;0;0;0m▄[48;2;0;0;0m[38;2;0;0;0m▄[48;2;0;0;0m[38;2;0;0;0m▄[48;2;0;0;0m[38;2;0;0;0m▄[48;2;0;0;0m[38;2;0;0;0m▄[48;2;0;0;0m[38;2;0;0;0m▄[48;2;0;0;0m[38;2;9;8;8m▄[48;2;27;21;19m[38;2;78;54;46m▄[48;2;91;63;53m[38;2;126;93;76m▄[48;2;134;100;82m[38;2;161;130;105m▄[48;2;165;134;109m[38;2;163;133;108m▄[48;2;157;127;103m[38;2;147;118;96m▄[48;2;154;125;101m[38;2;154;127;104m▄[48;2;156;130;108m[38;2;147;121;100m▄[48;2;142;116;96m[38;2;157;132;109m▄[48;2;140;116;97m[38;2;52;44;38m▄[48;2;18;15;14m[38;2;0;0;0m▄[48;2;0;0;0m[38;2;0;0;0m▄[48;2;0;0;0m[38;2;0;0;0m▄[48;2;0;0;0m[38;2;0;0;0m▄[48;2;0;0;0m[38;2;0;0;0m▄[48;2;0;0;0m[38;2;0;0;0m▄[48;2;0;0;0m[38;2;0;0;0m▄[48;2;0;0;0m[38;2;0;0;0m▄[48;2;0;0;0m[38;2;0;0;0m▄[48;2;0;0;0m[38;2;0;0;0m▄[48;2;0;0;0m[38;2;0;0;0m▄[48;2;0;0;0m[38;2;0;0;0m▄[48;2;0;0;0m[38;2;0;0;0m▄[48;2;0;0;0m[38;2;0;0;0m▄[48;2;0;0;0m[38;2;0;0;0m▄[48;2;0;0;0m[38;2;0;0;0m▄[48;2;0;0;0m[38;2;0;0;0m▄[48;2;0;0;0m[38;2;0;0;0m▄[48;2;0;0;0m[38;2;0;0;0m▄[48;2;0;0;0m[38;2;0;0;0m▄[48;2;0;0;0m[38;2;0;0;0m▄[48;2;0;0;0m[38;2;0;0;0m▄[48;2;0;0;0m[38;2;0;0;0m▄[48;2;0;0;0m[38;2;0;0;0m▄[48;2;0;0;0m[38;2;0;0;0m▄[48;2;0;0;0m[38;2;0;0;0m▄[48;2;0;0;0m[38;2;0;0;0m▄[48;2;0;0;0m[38;2;0;0;0m▄[48;2;0;0;0m[38;2;0;0;0m▄[48;2;0;0;0m[38;2;0;0;0m▄[48;2;0;0;0m[38;2;0;0;0m▄[48;2;0;0;0m[38;2;0;0;0m▄[48;2;0;0;0m[38;2;0;0;0m▄[48;2;0;0;0m[38;2;0;0;0m▄[48;2;0;0;0m[38;2;0;0;0m▄[48;2;0;0;0m[38;2;0;0;0m▄[48;2;0;0;0m[38;2;0;0;0m▄[48;2;0;0;0m[38;2;0;0;0m▄[m
[48;2;0;0;0m[38;2;0;0;0m▄[48;2;0;0;0m[38;2;0;0;0m▄[48;2;0;0;0m[38;2;0;0;0m▄[48;2;0;0;0m[38;2;0;0;0m▄[48;2;0;0;0m[38;2;0;0;0m▄[48;2;0;0;0m[38;2;0;0;0m▄[48;2;0;0;0m[38;2;0;0;0m▄[48;2;0;0;0m[38;2;0;0;0m▄[48;2;0;0;0m[38;2;0;0;0m▄[48;2;0;0;0m[38;2;0;0;0m▄[48;2;0;0;0m[38;2;0;0;0m▄[48;2;0;0;0m[38;2;45;36;32m▄[48;2;59;44;38m[38;2;105;74;61m▄[48;2;115;82;67m[38;2;134;102;84m▄[48;2;148;116;94m[38;2;157;126;103m▄[48;2;158;127;103m[38;2;149;119;97m▄[48;2;154;124;100m[38;2;150;122;100m▄[48;2;153;125;103m[38;2;162;137;114m▄[48;2;159;134;111m[38;2;168;145;122m▄[48;2;160;136;114m[38;2;131;112;94m▄[48;2;96;82;69m[38;2;5;4;4m▄[48;2;0;0;0m[38;2;0;0;0m▄[48;2;0;0;0m[38;2;0;0;0m▄[48;2;0;0;0m[38;2;0;0;0m▄[48;2;0;0;0m[38;2;0;0;0m▄[48;2;0;0;0m[38;2;0;0;0m▄[48;2;0;0;0m[38;2;0;0;0m▄[48;2;0;0;0m[38;2;0;0;0m▄[48;2;0;0;0m[38;2;0;0;0m▄[48;2;0;0;0m[38;2;0;0;0m▄[48;2;0;0;0m[38;2;0;0;0m▄[48;2;0;0;0m[38;2;0;0;0m▄[48;2;0;0;0m[38;2;0;0;0m▄[48;2;0;0;0m[38;2;0;0;0m▄[48;2;0;0;0m[38;2;0;0;0m▄[48;2;0;0;0m[38;2;0;0;0m▄[48;2;0;0;0m[38;2;0;0;0m▄[48;2;0;0;0m[38;2;0;0;0m▄[48;2;0;0;0m[38;2;0;0;0m▄[48;2;0;0;0m[38;2;0;0;0m▄[48;2;0;0;0m[38;2;0;0;0m▄[48;2;0;0;0m[38;2;0;0;0m▄[48;2;0;0;0m[38;2;0;0;0m▄[48;2;0;0;0m[38;2;0;0;0m▄[48;2;0;0;0m[38;2;0;0;0m▄[48;2;0;0;0m[38;2;0;0;0m▄[48;2;0;0;0m[38;2;0;0;0m▄[48;2;0;0;0m[38;2;0;0;0m▄[48;2;0;0;0m[38;2;0;0;0m▄[48;2;0;0;0m[38;2;0;0;0m▄[48;2;0;0;0m[38;2;0;0;0m▄[48;2;0;0;0m[38;2;0;0;0m▄[48;2;0;0;0m[38;2;0;0;0m▄[48;2;0;0;0m[38;2;0;0;0m▄[48;2;0;0;0m[38;2;0;0;0m▄[48;2;0;0;0m[38;2;0;0;0m▄[48;2;0;0;0m[38;2;0;0;0m▄[48;2;0;0;0m[38;2;0;0;0m▄[48;2;0;0;0m[38;2;0;0;0m▄[48;2;0;0;0m[38;2;0;0;0m▄[m
[48;2;0;0;0m[38;2;0;0;0m▄[48;2;0;0;0m[38;2;0;0;0m▄[48;2;0;0;0m[38;2;0;0;0m▄[48;2;0;0;0m[38;2;0;0;0m▄[48;2;0;0;0m[38;2;0;0;0m▄[48;2;0;0;0m[38;2;0;0;0m▄[48;2;0;0;0m[38;2;0;0;0m▄[48;2;0;0;0m[38;2;0;0;0m▄[48;2;0;0;0m[38;2;0;0;0m▄[48;2;0;0;0m[38;2;0;0;0m▄[48;2;7;5;5m[38;2;60;45;39m▄[48;2;87;61;52m[38;2;104;73;60m▄[48;2;128;94;77m[38;2;152;119;96m▄[48;2;150;119;97m[38;2;160;129;104m▄[48;2;147;118;96m[38;2;140;111;91m▄[48;2;144;115;94m[38;2;139;111;92m▄[48;2;147;121;100m[38;2;161;136;114m▄[48;2;168;146;123m[38;2;167;145;122m▄[48;2;163;141;119m[38;2;74;63;54m▄[48;2;29;26;22m[38;2;0;0;0m▄[48;2;0;0;0m[38;2;0;0;0m▄[48;2;0;0;0m[38;2;0;0;0m▄[48;2;0;0;0m[38;2;0;0;0m▄[48;2;0;0;0m[38;2;0;0;0m▄[48;2;0;0;0m[38;2;0;0;0m▄[48;2;0;0;0m[38;2;0;0;0m▄[48;2;0;0;0m[38;2;0;0;0m▄[48;2;0;0;0m[38;2;0;0;0m▄[48;2;0;0;0m[38;2;0;0;0m▄[48;2;0;0;0m[38;2;0;0;0m▄[48;2;0;0;0m[38;2;0;0;0m▄[48;2;0;0;0m[38;2;0;0;0m▄[48;2;0;0;0m[38;2;0;0;0m▄[48;2;0;0;0m[38;2;0;0;0m▄[48;2;0;0;0m[38;2;0;0;0m▄[48;2;0;0;0m[38;2;0;0;0m▄[48;2;0;0;0m[38;2;0;0;0m▄[48;2;0;0;0m[38;2;0;0;0m▄[48;2;0;0;0m[38;2;0;0;0m▄[48;2;0;0;0m[38;2;0;0;0m▄[48;2;0;0;0m[38;2;0;0;0m▄[48;2;0;0;0m[38;2;0;0;0m▄[48;2;0;0;0m[38;2;0;0;0m▄[48;2;0;0;0m[38;2;0;0;0m▄[48;2;0;0;0m[38;2;0;0;0m▄[48;2;0;0;0m[38;2;0;0;0m▄[48;2;0;0;0m[38;2;0;0;0m▄[48;2;0;0;0m[38;2;0;0;0m▄[48;2;0;0;0m[38;2;0;0;0m▄[48;2;0;0;0m[38;2;0;0;0m▄[48;2;0;0;0m[38;2;0;0;0m▄[48;2;0;0;0m[38;2;0;0;0m▄[48;2;0;0;0m[38;2;0;0;0m▄[48;2;0;0;0m[38;2;0;0;0m▄[48;2;0;0;0m[38;2;0;0;0m▄[48;2;0;0;0m[38;2;0;0;0m▄[48;2;0;0;0m[38;2;0;0;0m▄[48;2;0;0;0m[38;2;0;0;0m▄[48;2;0;0;0m[38;2;0;0;0m▄[48;2;0;0;0m[38;2;0;0;0m▄[m
[48;2;0;0;0m[38;2;0;0;0m▄[48;2;0;0;0m[38;2;0;0;0m▄[48;2;0;0;0m[38;2;0;0;0m▄[48;2;0;0;0m[38;2;0;0;0m▄[48;2;0;0;0m[38;2;0;0;0m▄[48;2;0;0;0m[38;2;0;0;0m▄[48;2;0;0;0m[38;2;0;0;0m▄[48;2;0;0;0m[38;2;0;0;0m▄[48;2;0;0;0m[38;2;1;1;1m▄[48;2;24;19;17m[38;2;90;67;58m▄[48;2;82;56;47m[38;2;111;78;65m▄[48;2;139;105;86m[38;2;145;112;91m▄[48;2;159;128;104m[38;2;145;116;94m▄[48;2;146;116;94m[38;2;126;98;81m▄[48;2;137;109;90m[38;2;158;132;111m▄[48;2;151;125;104m[38;2;171;149;126m▄[48;2;164;140;118m[38;2;153;127;105m▄[48;2;122;102;85m[38;2;26;23;20m▄[48;2;2;2;2m[38;2;0;0;0m▄[48;2;0;0;0m[38;2;0;0;0m▄[48;2;0;0;0m[38;2;0;0;0m▄[48;2;0;0;0m[38;2;0;0;0m▄[48;2;0;0;0m[38;2;0;0;0m▄[48;2;0;0;0m[38;2;0;0;0m▄[48;2;0;0;0m[38;2;0;0;0m▄[48;2;0;0;0m[38;2;0;0;0m▄[48;2;0;0;0m[38;2;0;0;0m▄[48;2;0;0;0m[38;2;0;0;0m▄[48;2;0;0;0m[38;2;0;0;0m▄[48;2;0;0;0m[38;2;0;0;0m▄[48;2;0;0;0m[38;2;0;0;0m▄[48;2;0;0;0m[38;2;0;0;0m▄[48;2;0;0;0m[38;2;0;0;0m▄[48;2;0;0;0m[38;2;0;0;0m▄[48;2;0;0;0m[38;2;0;0;0m▄[48;2;0;0;0m[38;2;0;0;0m▄[48;2;0;0;0m[38;2;0;0;0m▄[48;2;0;0;0m[38;2;0;0;0m▄[48;2;0;0;0m[38;2;0;0;0m▄[48;2;0;0;0m[38;2;0;0;0m▄[48;2;0;0;0m[38;2;0;0;0m▄[48;2;0;0;0m[38;2;0;0;0m▄[48;2;0;0;0m[38;2;0;0;0m▄[48;2;0;0;0m[38;2;0;0;0m▄[48;2;0;0;0m[38;2;0;0;0m▄[48;2;0;0;0m[38;2;0;0;0m▄[48;2;0;0;0m[38;2;0;0;0m▄[48;2;0;0;0m[38;2;0;0;0m▄[48;2;0;0;0m[38;2;0;0;0m▄[48;2;0;0;0m[38;2;0;0;0m▄[48;2;0;0;0m[38;2;0;0;0m▄[48;2;0;0;0m[38;2;0;0;0m▄[48;2;0;0;0m[38;2;0;0;0m▄[48;2;0;0;0m[38;2;0;0;0m▄[48;2;0;0;0m[38;2;0;0;0m▄[48;2;0;0;0m[38;2;0;0;0m▄[48;2;0;0;0m[38;2;0;0;0m▄[48;2;0;0;0m[38;2;0;0;0m▄[48;2;0;0;0m[38;2;0;0;0m▄[48;2;0;0;0m[38;2;0;0;0m▄[m
[48;2;0;0;0m[38;2;0;0;0m▄[48;2;0;0;0m[38;2;0;0;0m▄[48;2;0;0;0m[38;2;0;0;0m▄[48;2;0;0;0m[38;2;0;0;0m▄[48;2;0;0;0m[38;2;0;0;0m▄[48;2;0;0;0m[38;2;0;0;0m▄[48;2;0;0;0m[38;2;0;0;0m▄[48;2;0;0;0m[38;2;2;2;2m▄[48;2;39;30;27m[38;2;92;67;58m▄[48;2;105;73;61m[38;2;119;84;69m▄[48;2;132;97;79m[38;2;145;111;90m▄[48;2;142;111;90m[38;2;136;105;86m▄[48;2;126;98;80m[38;2;127;100;85m▄[48;2;124;97;82m[38;2;132;105;88m▄[48;2;156;130;108m[38;2;152;126;103m▄[48;2;152;126;104m[38;2;135;110;91m▄[48;2;83;69;58m[38;2;8;7;6m▄[48;2;0;0;0m[38;2;0;0;0m▄[48;2;0;0;0m[38;2;0;0;0m▄[48;2;0;0;0m[38;2;0;0;0m▄[48;2;0;0;0m[38;2;0;0;0m▄[48;2;0;0;0m[38;2;0;0;0m▄[48;2;0;0;0m[38;2;0;0;0m▄[48;2;0;0;0m[38;2;0;0;0m▄[48;2;0;0;0m[38;2;0;0;0m▄[48;2;0;0;0m[38;2;0;0;0m▄[48;2;0;0;0m[38;2;0;0;0m▄[48;2;0;0;0m[38;2;0;0;0m▄[48;2;0;0;0m[38;2;0;0;0m▄[48;2;0;0;0m[38;2;0;0;0m▄[48;2;0;0;0m[38;2;0;0;0m▄[48;2;0;0;0m[38;2;0;0;0m▄[48;2;0;0;0m[38;2;0;0;0m▄[48;2;0;0;0m[38;2;0;0;0m▄[48;2;0;0;0m[38;2;0;0;0m▄[48;2;0;0;0m[38;2;0;0;0m▄[48;2;0;0;0m[38;2;0;0;0m▄[48;2;0;0;0m[38;2;0;0;0m▄[48;2;0;0;0m[38;2;0;0;0m▄[48;2;0;0;0m[38;2;0;0;0m▄[48;2;0;0;0m[38;2;0;0;0m▄[48;2;0;0;0m[38;2;0;0;0m▄[48;2;0;0;0m[38;2;0;0;0m▄[48;2;0;0;0m[38;2;0;0;0m▄[48;2;0;0;0m[38;2;0;0;0m▄[48;2;0;0;0m[38;2;0;0;0m▄[48;2;0;0;0m[38;2;0;0;0m▄[48;2;0;0;0m[38;2;0;0;0m▄[48;2;0;0;0m[38;2;0;0;0m▄[48;2;0;0;0m[38;2;0;0;0m▄[48;2;0;0;0m[38;2;0;0;0m▄[48;2;0;0;0m[38;2;0;0;0m▄[48;2;0;0;0m[38;2;0;0;0m▄[48;2;0;0;0m[38;2;0;0;0m▄[48;2;0;0;0m[38;2;0;0;0m▄[48;2;0;0;0m[38;2;0;0;0m▄[48;2;0;0;0m[38;2;0;0;0m▄[48;2;0;0;0m[38;2;0;0;0m▄[48;2;0;0;0m[38;2;0;0;0m▄[48;2;0;0;0m[38;2;0;0;0m▄[m
[48;2;0;0;0m[38;2;0;0;0m▄[48;2;0;0;0m[38;2;0;0;0m▄[48;2;0;0;0m[38;2;0;0;0m▄[48;2;0;0;0m[38;2;0;0;0m▄[48;2;0;0;0m[38;2;0;0;0m▄[48;2;0;0;0m[38;2;0;0;0m▄[48;2;0;0;0m[38;2;0;0;0m▄[48;2;34;26;24m[38;2;74;54;47m▄[48;2;98;68;57m[38;2;99;70;59m▄[48;2;135;100;82m[38;2;136;103;84m▄[48;2;138;106;86m[38;2;129;99;81m▄[48;2;127;97;80m[38;2;120;91;75m▄[48;2;137;109;89m[38;2;140;111;91m▄[48;2;144;117;96m[38;2;146;118;96m▄[48;2;149;121;98m[38;2;125;99;81m▄[48;2;60;49;41m[38;2;4;4;3m▄[48;2;0;0;0m[38;2;0;0;0m▄[48;2;0;0;0m[38;2;0;0;0m▄[48;2;0;0;0m[38;2;0;0;0m▄[48;2;0;0;0m[38;2;0;0;0m▄[48;2;0;0;0m[38;2;0;0;0m▄[48;2;0;0;0m[38;2;0;0;0m▄[48;2;0;0;0m[38;2;0;0;0m▄[48;2;0;0;0m[38;2;0;0;0m▄[48;2;0;0;0m[38;2;0;0;0m▄[48;2;0;0;0m[38;2;0;0;0m▄[48;2;0;0;0m[38;2;0;0;0m▄[48;2;0;0;0m[38;2;0;0;0m▄[48;2;0;0;0m[38;2;0;0;0m▄[48;2;0;0;0m[38;2;0;0;0m▄[48;2;0;0;0m[38;2;0;0;0m▄[48;2;0;0;0m[38;2;0;0;0m▄[48;2;0;0;0m[38;2;0;0;0m▄[48;2;0;0;0m[38;2;0;0;0m▄[48;2;0;0;0m[38;2;0;0;0m▄[48;2;0;0;0m[38;2;0;0;0m▄[48;2;0;0;0m[38;2;0;0;0m▄[48;2;0;0;0m[38;2;0;0;0m▄[48;2;0;0;0m[38;2;0;0;0m▄[48;2;0;0;0m[38;2;0;0;0m▄[48;2;0;0;0m[38;2;0;0;0m▄[48;2;0;0;0m[38;2;0;0;0m▄[48;2;0;0;0m[38;2;0;0;0m▄[48;2;0;0;0m[38;2;0;0;0m▄[48;2;0;0;0m[38;2;0;0;0m▄[48;2;0;0;0m[38;2;0;0;0m▄[48;2;0;0;0m[38;2;0;0;0m▄[48;2;0;0;0m[38;2;0;0;0m▄[48;2;0;0;0m[38;2;0;0;0m▄[48;2;0;0;0m[38;2;0;0;0m▄[48;2;0;0;0m[38;2;0;0;0m▄[48;2;0;0;0m[38;2;0;0;0m▄[48;2;0;0;0m[38;2;0;0;0m▄[48;2;0;0;0m[38;2;0;0;0m▄[48;2;0;0;0m[38;2;0;0;0m▄[48;2;0;0;0m[38;2;0;0;0m▄[48;2;0;0;0m[38;2;0;0;0m▄[48;2;0;0;0m[38;2;0;0;0m▄[48;2;0;0;0m[38;2;0;0;0m▄[48;2;0;0;0m[38;2;0;0;0m▄[m
[48;2;0;0;0m[38;2;0;0;0m▄[48;2;0;0;0m[38;2;0;0;0m▄[48;2;0;0;0m[38;2;0;0;0m▄[48;2;0;0;0m[38;2;0;0;0m▄[48;2;0;0;0m[38;2;0;0;0m▄[48;2;0;0;0m[38;2;0;0;0m▄[48;2;27;22;20m[38;2;66;51;44m▄[48;2;77;52;44m[38;2;83;55;46m▄[48;2;106;75;63m[38;2;103;73;62m▄[48;2;135;103;84m[38;2;129;98;81m▄[48;2;125;94;78m[38;2;120;92;76m▄[48;2;127;98;81m[38;2;134;104;85m▄[48;2;158;130;105m[38;2;164;137;112m▄[48;2;146;118;96m[38;2;134;107;89m▄[48;2;60;49;41m[38;2;7;6;5m▄[48;2;0;0;0m[38;2;0;0;0m▄[48;2;0;0;0m[38;2;0;0;0m▄[48;2;0;0;0m[38;2;0;0;0m▄[48;2;0;0;0m[38;2;0;0;0m▄[48;2;0;0;0m[38;2;0;0;0m▄[48;2;0;0;0m[38;2;0;0;0m▄[48;2;0;0;0m[38;2;0;0;0m▄[48;2;0;0;0m[38;2;0;0;0m▄[48;2;0;0;0m[38;2;0;0;0m▄[48;2;0;0;0m[38;2;0;0;0m▄[48;2;0;0;0m[38;2;0;0;0m▄[48;2;0;0;0m[38;2;0;0;0m▄[48;2;0;0;0m[38;2;0;0;0m▄[48;2;0;0;0m[38;2;0;0;0m▄[48;2;0;0;0m[38;2;0;0;0m▄[48;2;0;0;0m[38;2;0;0;0m▄[48;2;0;0;0m[38;2;0;0;0m▄[48;2;0;0;0m[38;2;0;0;0m▄[48;2;0;0;0m[38;2;0;0;0m▄[48;2;0;0;0m[38;2;0;0;0m▄[48;2;0;0;0m[38;2;0;0;0m▄[48;2;0;0;0m[38;2;0;0;0m▄[48;2;0;0;0m[38;2;0;0;0m▄[48;2;0;0;0m[38;2;0;0;0m▄[48;2;0;0;0m[38;2;0;0;0m▄[48;2;0;0;0m[38;2;0;0;0m▄[48;2;0;0;0m[38;2;0;0;0m▄[48;2;0;0;0m[38;2;0;0;0m▄[48;2;0;0;0m[38;2;0;0;0m▄[48;2;0;0;0m[38;2;0;0;0m▄[48;2;0;0;0m[38;2;0;0;0m▄[48;2;0;0;0m[38;2;0;0;0m▄[48;2;0;0;0m[38;2;0;0;0m▄[48;2;0;0;0m[38;2;0;0;0m▄[48;2;0;0;0m[38;2;0;0;0m▄[48;2;0;0;0m[38;2;0;0;0m▄[48;2;0;0;0m[38;2;0;0;0m▄[48;2;0;0;0m[38;2;0;0;0m▄[48;2;0;0;0m[38;2;0;0;0m▄[48;2;0;0;0m[38;2;0;0;0m▄[48;2;0;0;0m[38;2;0;0;0m▄[48;2;0;0;0m[38;2;0;0;0m▄[48;2;0;0;0m[38;2;0;0;0m▄[48;2;0;0;0m[38;2;0;0;0m▄[48;2;0;0;0m[38;2;0;0;0m▄[m
[48;2;0;0;0m[38;2;0;0;0m▄[48;2;0;0;0m[38;2;0;0;0m▄[48;2;0;0;0m[38;2;0;0;0m▄[48;2;0;0;0m[38;2;0;0;0m▄[48;2;0;0;0m[38;2;0;0;0m▄[48;2;0;0;0m[38;2;27;22;20m▄[48;2;95;68;59m[38;2;97;67;57m▄[48;2;104;75;64m[38;2;115;82;70m▄[48;2;109;80;68m[38;2;116;84;70m▄[48;2;123;92;76m[38;2;124;94;78m▄[48;2;125;98;82m[38;2;138;109;89m▄[48;2;145;118;96m[38;2;151;125;103m▄[48;2;154;126;103m[38;2;142;114;93m▄[48;2;75;61;52m[38;2;24;20;18m▄[48;2;0;0;0m[38;2;0;0;0m▄[48;2;0;0;0m[38;2;0;0;0m▄[48;2;0;0;0m[38;2;0;0;0m▄[48;2;0;0;0m[38;2;0;0;0m▄[48;2;0;0;0m[38;2;0;0;0m▄[48;2;0;0;0m[38;2;0;0;0m▄[48;2;0;0;0m[38;2;0;0;0m▄[48;2;0;0;0m[38;2;0;0;0m▄[48;2;0;0;0m[38;2;0;0;0m▄[48;2;0;0;0m[38;2;0;0;0m▄[48;2;0;0;0m[38;2;0;0;0m▄[48;2;0;0;0m[38;2;0;0;0m▄[48;2;0;0;0m[38;2;0;0;0m▄[48;2;0;0;0m[38;2;0;0;0m▄[48;2;0;0;0m[38;2;0;0;0m▄[48;2;0;0;0m[38;2;0;0;0m▄[48;2;0;0;0m[38;2;0;0;0m▄[48;2;0;0;0m[38;2;0;0;0m▄[48;2;0;0;0m[38;2;0;0;0m▄[48;2;0;0;0m[38;2;0;0;0m▄[48;2;0;0;0m[38;2;0;0;0m▄[48;2;0;0;0m[38;2;0;0;0m▄[48;2;0;0;0m[38;2;0;0;0m▄[48;2;0;0;0m[38;2;0;0;0m▄[48;2;0;0;0m[38;2;0;0;0m▄[48;2;0;0;0m[38;2;0;0;0m▄[48;2;0;0;0m[38;2;0;0;0m▄[48;2;0;0;0m[38;2;0;0;0m▄[48;2;0;0;0m[38;2;0;0;0m▄[48;2;0;0;0m[38;2;0;0;0m▄[48;2;0;0;0m[38;2;0;0;0m▄[48;2;0;0;0m[38;2;0;0;0m▄[48;2;0;0;0m[38;2;0;0;0m▄[48;2;0;0;0m[38;2;0;0;0m▄[48;2;0;0;0m[38;2;0;0;0m▄[48;2;0;0;0m[38;2;0;0;0m▄[48;2;0;0;0m[38;2;0;0;0m▄[48;2;0;0;0m[38;2;0;0;0m▄[48;2;0;0;0m[38;2;0;0;0m▄[48;2;0;0;0m[38;2;0;0;0m▄[48;2;0;0;0m[38;2;0;0;0m▄[48;2;0;0;0m[38;2;0;0;0m▄[48;2;0;0;0m[38;2;0;0;0m▄[48;2;0;0;0m[38;2;0;0;0m▄[48;2;0;0;0m[38;2;0;0;0m▄[48;2;0;0;0m[38;2;0;0;0m▄[m
[48;2;0;0;0m[38;2;0;0;0m▄[48;2;0;0;0m[38;2;0;0;0m▄[48;2;0;0;0m[38;2;0;0;0m▄[48;2;0;0;0m[38;2;0;0;0m▄[48;2;0;0;0m[38;2;0;0;0m▄[48;2;39;30;27m[38;2;65;49;43m▄[48;2;95;66;57m[38;2;104;73;61m▄[48;2;129;94;77m[38;2;120;87;72m▄[48;2;130;98;80m[38;2;135;103;84m▄[48;2;135;106;86m[38;2;154;127;104m▄[48;2;150;123;101m[38;2;164;139;117m▄[48;2;159;134;112m[38;2;153;126;104m▄[48;2;110;89;75m[38;2;59;48;41m▄[48;2;0;0;0m[38;2;0;0;0m▄[48;2;0;0;0m[38;2;0;0;0m▄[48;2;0;0;0m[38;2;0;0;0m▄[48;2;0;0;0m[38;2;0;0;0m▄[48;2;0;0;0m[38;2;0;0;0m▄[48;2;0;0;0m[38;2;0;0;0m▄[48;2;0;0;0m[38;2;0;0;0m▄[48;2;0;0;0m[38;2;0;0;0m▄[48;2;0;0;0m[38;2;0;0;0m▄[48;2;0;0;0m[38;2;0;0;0m▄[48;2;0;0;0m[38;2;0;0;0m▄[48;2;0;0;0m[38;2;0;0;0m▄[48;2;0;0;0m[38;2;0;0;0m▄[48;2;0;0;0m[38;2;0;0;0m▄[48;2;0;0;0m[38;2;0;0;0m▄[48;2;0;0;0m[38;2;0;0;0m▄[48;2;0;0;0m[38;2;0;0;0m▄[48;2;0;0;0m[38;2;0;0;0m▄[48;2;0;0;0m[38;2;0;0;0m▄[48;2;0;0;0m[38;2;0;0;0m▄[48;2;0;0;0m[38;2;0;0;0m▄[48;2;0;0;0m[38;2;0;0;0m▄[48;2;0;0;0m[38;2;0;0;0m▄[48;2;0;0;0m[38;2;0;0;0m▄[48;2;0;0;0m[38;2;0;0;0m▄[48;2;0;0;0m[38;2;0;0;0m▄[48;2;0;0;0m[38;2;0;0;0m▄[48;2;0;0;0m[38;2;0;0;0m▄[48;2;0;0;0m[38;2;0;0;0m▄[48;2;0;0;0m[38;2;0;0;0m▄[48;2;0;0;0m[38;2;0;0;0m▄[48;2;0;0;0m[38;2;0;0;0m▄[48;2;0;0;0m[38;2;0;0;0m▄[48;2;0;0;0m[38;2;0;0;0m▄[48;2;0;0;0m[38;2;0;0;0m▄[48;2;0;0;0m[38;2;0;0;0m▄[48;2;0;0;0m[38;2;0;0;0m▄[48;2;0;0;0m[38;2;0;0;0m▄[48;2;0;0;0m[38;2;0;0;0m▄[48;2;0;0;0m[38;2;0;0;0m▄[48;2;0;0;0m[38;2;0;0;0m▄[48;2;0;0;0m[38;2;0;0;0m▄[48;2;0;0;0m[38;2;0;0;0m▄[48;2;0;0;0m[38;2;0;0;0m▄[48;2;0;0;0m[38;2;0;0;0m▄[48;2;0;0;0m[38;2;0;0;0m▄[48;2;0;0;0m[38;2;0;0;0m▄[m
[48;2;0;0;0m[38;2;0;0;0m▄[48;2;0;0;0m[38;2;0;0;0m▄[48;2;0;0;0m[38;2;0;0;0m▄[48;2;0;0;0m[38;2;0;0;0m▄[48;2;17;14;13m[38;2;50;38;33m▄[48;2;107;76;64m[38;2;112;79;66m▄[48;2;120;87;72m[38;2;132;99;81m▄[48;2;124;92;76m[38;2;139;107;88m▄[48;2;135;104;85m[38;2;153;123;100m▄[48;2;158;132;108m[38;2;162;134;109m▄[48;2;151;124;103m[38;2;161;134;110m▄[48;2;135;107;89m[38;2;104;84;70m▄[48;2;17;15;14m[38;2;0;0;0m▄[48;2;0;0;0m[38;2;0;0;0m▄[48;2;0;0;0m[38;2;0;0;0m▄[48;2;0;0;0m[38;2;0;0;0m▄[48;2;0;0;0m[38;2;0;0;0m▄[48;2;0;0;0m[38;2;0;0;0m▄[48;2;0;0;0m[38;2;0;0;0m▄[48;2;0;0;0m[38;2;0;0;0m▄[48;2;0;0;0m[38;2;0;0;0m▄[48;2;0;0;0m[38;2;0;0;0m▄[48;2;0;0;0m[38;2;0;0;0m▄[48;2;0;0;0m[38;2;0;0;0m▄[48;2;0;0;0m[38;2;0;0;0m▄[48;2;0;0;0m[38;2;0;0;0m▄[48;2;0;0;0m[38;2;0;0;0m▄[48;2;0;0;0m[38;2;0;0;0m▄[48;2;0;0;0m[38;2;0;0;0m▄[48;2;0;0;0m[38;2;0;0;0m▄[48;2;0;0;0m[38;2;0;0;0m▄[48;2;0;0;0m[38;2;0;0;0m▄[48;2;0;0;0m[38;2;0;0;0m▄[48;2;0;0;0m[38;2;0;0;0m▄[48;2;0;0;0m[38;2;0;0;0m▄[48;2;0;0;0m[38;2;0;0;0m▄[48;2;0;0;0m[38;2;0;0;0m▄[48;2;0;0;0m[38;2;0;0;0m▄[48;2;0;0;0m[38;2;0;0;0m▄[48;2;0;0;0m[38;2;0;0;0m▄[48;2;0;0;0m[38;2;0;0;0m▄[48;2;0;0;0m[38;2;0;0;0m▄[48;2;0;0;0m[38;2;0;0;0m▄[48;2;0;0;0m[38;2;0;0;0m▄[48;2;0;0;0m[38;2;0;0;0m▄[48;2;0;0;0m[38;2;0;0;0m▄[48;2;0;0;0m[38;2;0;0;0m▄[48;2;0;0;0m[38;2;0;0;0m▄[48;2;0;0;0m[38;2;0;0;0m▄[48;2;0;0;0m[38;2;0;0;0m▄[48;2;0;0;0m[38;2;0;0;0m▄[48;2;0;0;0m[38;2;0;0;0m▄[48;2;0;0;0m[38;2;0;0;0m▄[48;2;0;0;0m[38;2;0;0;0m▄[48;2;0;0;0m[38;2;0;0;0m▄[48;2;0;0;0m[38;2;0;0;0m▄[48;2;0;0;0m[38;2;0;0;0m▄[48;2;0;0;0m[38;2;0;0;0m▄[48;2;0;0;0m[38;2;0;0;0m▄[48;2;0;0;0m[38;2;0;0;0m▄[m
[48;2;0;0;0m[38;2;0;0;0m▄[48;2;0;0;0m[38;2;0;0;0m▄[48;2;0;0;0m[38;2;0;0;0m▄[48;2;0;0;0m[38;2;0;0;0m▄[48;2;82;63;54m[38;2;105;79;68m▄[48;2;137;104;86m[38;2;145;113;92m▄[48;2;141;108;88m[38;2;141;110;89m▄[48;2;151;120;98m[38;2;147;117;95m▄[48;2;149;120;98m[38;2;156;129;107m▄[48;2;154;125;101m[38;2;157;131;108m▄[48;2;158;130;105m[38;2;146;120;98m▄[48;2;63;52;44m[38;2;23;20;18m▄[48;2;0;0;0m[38;2;0;0;0m▄[48;2;0;0;0m[38;2;0;0;0m▄[48;2;0;0;0m[38;2;0;0;0m▄[48;2;0;0;0m[38;2;0;0;0m▄[48;2;0;0;0m[38;2;0;0;0m▄[48;2;0;0;0m[38;2;0;0;0m▄[48;2;0;0;0m[38;2;0;0;0m▄[48;2;0;0;0m[38;2;0;0;0m▄[48;2;0;0;0m[38;2;0;0;0m▄[48;2;0;0;0m[38;2;0;0;0m▄[48;2;0;0;0m[38;2;0;0;0m▄[48;2;0;0;0m[38;2;0;0;0m▄[48;2;0;0;0m[38;2;0;0;0m▄[48;2;0;0;0m[38;2;0;0;0m▄[48;2;0;0;0m[38;2;0;0;0m▄[48;2;0;0;0m[38;2;0;0;0m▄[48;2;0;0;0m[38;2;0;0;0m▄[48;2;0;0;0m[38;2;0;0;0m▄[48;2;0;0;0m[38;2;0;0;0m▄[48;2;0;0;0m[38;2;0;0;0m▄[48;2;0;0;0m[38;2;0;0;0m▄[48;2;0;0;0m[38;2;0;0;0m▄[48;2;0;0;0m[38;2;0;0;0m▄[48;2;0;0;0m[38;2;0;0;0m▄[48;2;0;0;0m[38;2;0;0;0m▄[48;2;0;0;0m[38;2;0;0;0m▄[48;2;0;0;0m[38;2;0;0;0m▄[48;2;0;0;0m[38;2;0;0;0m▄[48;2;0;0;0m[38;2;0;0;0m▄[48;2;0;0;0m[38;2;0;0;0m▄[48;2;0;0;0m[38;2;0;0;0m▄[48;2;0;0;0m[38;2;0;0;0m▄[48;2;0;0;0m[38;2;0;0;0m▄[48;2;0;0;0m[38;2;0;0;0m▄[48;2;0;0;0m[38;2;0;0;0m▄[48;2;0;0;0m[38;2;0;0;0m▄[48;2;0;0;0m[38;2;0;0;0m▄[48;2;0;0;0m[38;2;0;0;0m▄[48;2;0;0;0m[38;2;0;0;0m▄[48;2;0;0;0m[38;2;0;0;0m▄[48;2;0;0;0m[38;2;0;0;0m▄[48;2;0;0;0m[38;2;0;0;0m▄[48;2;0;0;0m[38;2;0;0;0m▄[48;2;0;0;0m[38;2;0;0;0m▄[48;2;0;0;0m[38;2;0;0;0m▄[48;2;0;0;0m[38;2;0;0;0m▄[48;2;0;0;0m[38;2;0;0;0m▄[48;2;0;0;0m[38;2;0;0;0m▄[m
[48;2;0;0;0m[38;2;0;0;0m▄[48;2;0;0;0m[38;2;0;0;0m▄[48;2;0;0;0m[38;2;0;0;0m▄[48;2;15;13;12m[38;2;31;24;22m▄[48;2;110;79;66m[38;2;91;64;53m▄[48;2;131;99;82m[38;2;106;76;64m▄[48;2;142;111;91m[38;2;128;97;81m▄[48;2;151;122;100m[38;2;140;110;90m▄[48;2;152;125;103m[38;2;151;123;101m▄[48;2;159;132;108m[38;2;156;130;108m▄[48;2;127;103;86m[38;2;78;63;54m▄[48;2;0;0;0m[38;2;0;0;0m▄[48;2;0;0;0m[38;2;0;0;0m▄[48;2;0;0;0m[38;2;0;0;0m▄[48;2;0;0;0m[38;2;0;0;0m▄[48;2;0;0;0m[38;2;0;0;0m▄[48;2;0;0;0m[38;2;0;0;0m▄[48;2;0;0;0m[38;2;0;0;0m▄[48;2;0;0;0m[38;2;0;0;0m▄[48;2;0;0;0m[38;2;0;0;0m▄[48;2;0;0;0m[38;2;0;0;0m▄[48;2;0;0;0m[38;2;0;0;0m▄[48;2;0;0;0m[38;2;0;0;0m▄[48;2;0;0;0m[38;2;0;0;0m▄[48;2;0;0;0m[38;2;0;0;0m▄[48;2;0;0;0m[38;2;0;0;0m▄[48;2;0;0;0m[38;2;0;0;0m▄[48;2;0;0;0m[38;2;0;0;0m▄[48;2;0;0;0m[38;2;0;0;0m▄[48;2;0;0;0m[38;2;0;0;0m▄[48;2;0;0;0m[38;2;0;0;0m▄[48;2;0;0;0m[38;2;0;0;0m▄[48;2;0;0;0m[38;2;0;0;0m▄[48;2;0;0;0m[38;2;0;0;0m▄[48;2;0;0;0m[38;2;0;0;0m▄[48;2;0;0;0m[38;2;0;0;0m▄[48;2;0;0;0m[38;2;0;0;0m▄[48;2;0;0;0m[38;2;0;0;0m▄[48;2;0;0;0m[38;2;0;0;0m▄[48;2;0;0;0m[38;2;0;0;0m▄[48;2;0;0;0m[38;2;0;0;0m▄[48;2;0;0;0m[38;2;0;0;0m▄[48;2;0;0;0m[38;2;0;0;0m▄[48;2;0;0;0m[38;2;0;0;0m▄[48;2;0;0;0m[38;2;0;0;0m▄[48;2;0;0;0m[38;2;0;0;0m▄[48;2;0;0;0m[38;2;0;0;0m▄[48;2;0;0;0m[38;2;0;0;0m▄[48;2;0;0;0m[38;2;0;0;0m▄[48;2;0;0;0m[38;2;0;0;0m▄[48;2;0;0;0m[38;2;0;0;0m▄[48;2;0;0;0m[38;2;0;0;0m▄[48;2;0;0;0m[38;2;0;0;0m▄[48;2;0;0;0m[38;2;0;0;0m▄[48;2;0;0;0m[38;2;0;0;0m▄[48;2;0;0;0m[38;2;0;0;0m▄[48;2;0;0;0m[38;2;0;0;0m▄[48;2;0;0;0m[38;2;0;0;0m▄[48;2;0;0;0m[38;2;0;0;0m▄[48;2;0;0;0m[38;2;0;0;0m▄[m
[48;2;0;0;0m[38;2;0;0;0m▄[48;2;0;0;0m[38;2;0;0;0m▄[48;2;0;0;0m[38;2;0;0;0m▄[48;2;47;35;31m[38;2;46;38;33m▄[48;2;72;47;39m[38;2;84;58;48m▄[48;2;109;78;65m[38;2;103;72;60m▄[48;2;135;104;87m[38;2;138;105;86m▄[48;2;149;119;97m[38;2;145;114;93m▄[48;2;152;124;102m[38;2;156;130;109m▄[48;2;135;108;91m[38;2;129;108;93m▄[48;2;37;31;28m[38;2;1;1;1m▄[48;2;0;0;0m[38;2;0;0;0m▄[48;2;0;0;0m[38;2;0;0;0m▄[48;2;0;0;0m[38;2;0;0;0m▄[48;2;0;0;0m[38;2;0;0;0m▄[48;2;0;0;0m[38;2;0;0;0m▄[48;2;0;0;0m[38;2;0;0;0m▄[48;2;0;0;0m[38;2;0;0;0m▄[48;2;0;0;0m[38;2;0;0;0m▄[48;2;0;0;0m[38;2;0;0;0m▄[48;2;0;0;0m[38;2;0;0;0m▄[48;2;0;0;0m[38;2;0;0;0m▄[48;2;0;0;0m[38;2;0;0;0m▄[48;2;0;0;0m[38;2;0;0;0m▄[48;2;0;0;0m[38;2;0;0;0m▄[48;2;0;0;0m[38;2;0;0;0m▄[48;2;0;0;0m[38;2;0;0;0m▄[48;2;0;0;0m[38;2;0;0;0m▄[48;2;0;0;0m[38;2;0;0;0m▄[48;2;0;0;0m[38;2;0;0;0m▄[48;2;0;0;0m[38;2;0;0;0m▄[48;2;0;0;0m[38;2;0;0;0m▄[48;2;0;0;0m[38;2;0;0;0m▄[48;2;0;0;0m[38;2;0;0;0m▄[48;2;0;0;0m[38;2;0;0;0m▄[48;2;0;0;0m[38;2;0;0;0m▄[48;2;0;0;0m[38;2;0;0;0m▄[48;2;0;0;0m[38;2;0;0;0m▄[48;2;0;0;0m[38;2;0;0;0m▄[48;2;0;0;0m[38;2;0;0;0m▄[48;2;0;0;0m[38;2;0;0;0m▄[48;2;0;0;0m[38;2;0;0;0m▄[48;2;0;0;0m[38;2;0;0;0m▄[48;2;0;0;0m[38;2;0;0;0m▄[48;2;0;0;0m[38;2;0;0;0m▄[48;2;0;0;0m[38;2;0;0;0m▄[48;2;0;0;0m[38;2;0;0;0m▄[48;2;0;0;0m[38;2;0;0;0m▄[48;2;0;0;0m[38;2;0;0;0m▄[48;2;0;0;0m[38;2;0;0;0m▄[48;2;0;0;0m[38;2;0;0;0m▄[48;2;0;0;0m[38;2;0;0;0m▄[48;2;0;0;0m[38;2;0;0;0m▄[48;2;0;0;0m[38;2;0;0;0m▄[48;2;0;0;0m[38;2;0;0;0m▄[48;2;0;0;0m[38;2;0;0;0m▄[48;2;0;0;0m[38;2;0;0;0m▄[48;2;0;0;0m[38;2;0;0;0m▄[48;2;0;0;0m[38;2;0;0;0m▄[48;2;0;0;0m[38;2;0;0;0m▄[m
[48;2;0;0;0m[38;2;0;0;0m▄[48;2;0;0;0m[38;2;0;0;0m▄[48;2;0;0;0m[38;2;0;0;0m▄[48;2;0;0;0m[38;2;0;0;0m▄[48;2;56;42;38m[38;2;0;0;0m▄[48;2;123;95;81m[38;2;19;17;16m▄[48;2;131;98;82m[38;2;62;55;49m▄[48;2;149;119;98m[38;2;48;39;34m▄[48;2;144;118;99m[38;2;13;12;11m▄[48;2;37;32;28m[38;2;0;0;0m▄[48;2;0;0;0m[38;2;0;0;0m▄[48;2;0;0;0m[38;2;0;0;0m▄[48;2;0;0;0m[38;2;0;0;0m▄[48;2;0;0;0m[38;2;0;0;0m▄[48;2;0;0;0m[38;2;0;0;0m▄[48;2;0;0;0m[38;2;0;0;0m▄[48;2;0;0;0m[38;2;0;0;0m▄[48;2;0;0;0m[38;2;0;0;0m▄[48;2;0;0;0m[38;2;0;0;0m▄[48;2;0;0;0m[38;2;0;0;0m▄[48;2;0;0;0m[38;2;0;0;0m▄[48;2;0;0;0m[38;2;0;0;0m▄[48;2;0;0;0m[38;2;0;0;0m▄[48;2;0;0;0m[38;2;0;0;0m▄[48;2;0;0;0m[38;2;0;0;0m▄[48;2;0;0;0m[38;2;0;0;0m▄[48;2;0;0;0m[38;2;0;0;0m▄[48;2;0;0;0m[38;2;0;0;0m▄[48;2;0;0;0m[38;2;0;0;0m▄[48;2;0;0;0m[38;2;0;0;0m▄[48;2;0;0;0m[38;2;0;0;0m▄[48;2;0;0;0m[38;2;0;0;0m▄[48;2;0;0;0m[38;2;0;0;0m▄[48;2;0;0;0m[38;2;0;0;0m▄[48;2;0;0;0m[38;2;0;0;0m▄[48;2;0;0;0m[38;2;0;0;0m▄[48;2;0;0;0m[38;2;0;0;0m▄[48;2;0;0;0m[38;2;0;0;0m▄[48;2;0;0;0m[38;2;0;0;0m▄[48;2;0;0;0m[38;2;0;0;0m▄[48;2;0;0;0m[38;2;0;0;0m▄[48;2;0;0;0m[38;2;0;0;0m▄[48;2;0;0;0m[38;2;0;0;0m▄[48;2;0;0;0m[38;2;0;0;0m▄[48;2;0;0;0m[38;2;0;0;0m▄[48;2;0;0;0m[38;2;0;0;0m▄[48;2;0;0;0m[38;2;0;0;0m▄[48;2;0;0;0m[38;2;0;0;0m▄[48;2;0;0;0m[38;2;0;0;0m▄[48;2;0;0;0m[38;2;0;0;0m▄[48;2;0;0;0m[38;2;0;0;0m▄[48;2;0;0;0m[38;2;0;0;0m▄[48;2;0;0;0m[38;2;0;0;0m▄[48;2;0;0;0m[38;2;0;0;0m▄[48;2;0;0;0m[38;2;0;0;0m▄[48;2;0;0;0m[38;2;0;0;0m▄[48;2;0;0;0m[38;2;0;0;0m▄[48;2;0;0;0m[38;2;0;0;0m▄[48;2;0;0;0m[38;2;0;0;0m▄[48;2;0;0;0m[38;2;0;0;0m▄[m
[48;2;0;0;0m[38;2;0;0;0m▄[48;2;0;0;0m[38;2;0;0;0m▄[48;2;0;0;0m[38;2;0;0;0m▄[48;2;0;0;0m[38;2;0;0;0m▄[48;2;0;0;0m[38;2;0;0;0m▄[48;2;0;0;0m[38;2;0;0;0m▄[48;2;0;0;0m[38;2;0;0;0m▄[48;2;0;0;0m[38;2;0;0;0m▄[48;2;0;0;0m[38;2;0;0;0m▄[48;2;0;0;0m[38;2;0;0;0m▄[48;2;0;0;0m[38;2;0;0;0m▄[48;2;0;0;0m[38;2;0;0;0m▄[48;2;0;0;0m[38;2;0;0;0m▄[48;2;0;0;0m[38;2;0;0;0m▄[48;2;0;0;0m[38;2;0;0;0m▄[48;2;0;0;0m[38;2;0;0;0m▄[48;2;0;0;0m[38;2;0;0;0m▄[48;2;0;0;0m[38;2;0;0;0m▄[48;2;0;0;0m[38;2;0;0;0m▄[48;2;0;0;0m[38;2;0;0;0m▄[48;2;0;0;0m[38;2;0;0;0m▄[48;2;0;0;0m[38;2;0;0;0m▄[48;2;0;0;0m[38;2;0;0;0m▄[48;2;0;0;0m[38;2;0;0;0m▄[48;2;0;0;0m[38;2;0;0;0m▄[48;2;0;0;0m[38;2;0;0;0m▄[48;2;0;0;0m[38;2;0;0;0m▄[48;2;0;0;0m[38;2;0;0;0m▄[48;2;0;0;0m[38;2;0;0;0m▄[48;2;0;0;0m[38;2;0;0;0m▄[48;2;0;0;0m[38;2;0;0;0m▄[48;2;0;0;0m[38;2;0;0;0m▄[48;2;0;0;0m[38;2;0;0;0m▄[48;2;0;0;0m[38;2;0;0;0m▄[48;2;0;0;0m[38;2;0;0;0m▄[48;2;0;0;0m[38;2;0;0;0m▄[48;2;0;0;0m[38;2;0;0;0m▄[48;2;0;0;0m[38;2;0;0;0m▄[48;2;0;0;0m[38;2;0;0;0m▄[48;2;0;0;0m[38;2;0;0;0m▄[48;2;0;0;0m[38;2;0;0;0m▄[48;2;0;0;0m[38;2;0;0;0m▄[48;2;0;0;0m[38;2;0;0;0m▄[48;2;0;0;0m[38;2;0;0;0m▄[48;2;0;0;0m[38;2;0;0;0m▄[48;2;0;0;0m[38;2;0;0;0m▄[48;2;0;0;0m[38;2;0;0;0m▄[48;2;0;0;0m[38;2;0;0;0m▄[48;2;0;0;0m[38;2;0;0;0m▄[48;2;0;0;0m[38;2;0;0;0m▄[48;2;0;0;0m[38;2;0;0;0m▄[48;2;0;0;0m[38;2;0;0;0m▄[48;2;0;0;0m[38;2;0;0;0m▄[48;2;0;0;0m[38;2;0;0;0m▄[48;2;0;0;0m[38;2;0;0;0m▄[48;2;0;0;0m[38;2;0;0;0m▄[48;2;0;0;0m[38;2;0;0;0m▄[48;2;0;0;0m[38;2;0;0;0m▄[48;2;0;0;0m[38;2;0;0;0m▄[48;2;0;0;0m[38;2;0;0;0m▄[m
[?25h