[s[?25l[48;2;213;224;228m[38;2;214;225;229m▄[48;2;214;225;229m[38;2;214;225;229m▄[48;2;214;225;229m[38;2;214;225;229m▄[48;2;214;225;229m[38;2;213;224;228m▄[48;2;214;225;229m[38;2;213;224;228m▄[48;2;214;225;229m[38;2;213;224;228m▄[48;2;213;224;228m[38;2;212;223;227m▄[48;2;213;224;228m[38;2;212;223;227m▄[48;2;214;225;229m[38;2;214;225;229m▄[48;2;213;224;228m[38;2;214;225;229m▄[48;2;213;224;228m[38;2;213;224;228m▄[48;2;212;223;227m[38;2;212;223;227m▄[48;2;213;224;228m[38;2;212;223;227m▄[48;2;213;224;228m[38;2;212;223;227m▄[48;2;213;224;228m[38;2;213;224;228m▄[48;2;214;225;229m[38;2;214;225;229m▄[48;2;215;226;228m[38;2;214;225;228m▄[48;2;215;226;228m[38;2;214;225;227m▄[48;2;215;226;228m[38;2;214;225;229m▄[48;2;215;226;229m[38;2;213;224;228m▄[48;2;216;227;229m[38;2;213;224;228m▄[48;2;216;227;230m[38;2;214;225;229m▄[48;2;216;227;230m[38;2;215;225;229m▄[48;2;216;227;231m[38;2;215;226;228m▄[48;2;216;227;229m[38;2;215;226;228m▄[48;2;216;227;228m[38;2;215;226;228m▄[48;2;216;227;229m[38;2;215;226;228m▄[48;2;216;227;229m[38;2;216;227;229m▄[48;2;216;227;230m[38;2;215;226;228m▄[48;2;216;227;230m[38;2;215;226;228m▄[48;2;217;228;230m[38;2;216;227;229m▄[48;2;218;229;231m[38;2;217;228;230m▄[48;2;218;229;231m[38;2;217;228;230m▄[48;2;218;229;231m[38;2;217;228;230m▄[48;2;217;228;230m[38;2;217;228;230m▄[48;2;217;228;230m[38;2;216;227;229m▄[48;2;217;228;230m[38;2;216;227;229m▄[48;2;217;228;230m[38;2;216;227;229m▄[48;2;217;228;230m[38;2;216;227;229m▄[48;2;218;229;233m[38;2;217;228;230m▄[48;2;218;229;233m[38;2;217;228;230m▄[48;2;219;230;234m[38;2;216;227;231m▄[48;2;219;230;233m[38;2;216;227;231m▄[48;2;218;229;233m[38;2;216;227;231m▄[48;2;218;229;233m[38;2;216;227;231m▄[48;2;216;227;231m[38;2;215;226;230m▄[48;2;215;226;230m[38;2;214;225;229m▄[48;2;213;224;228m[38;2;213;224;228m▄[48;2;213;224;228m[38;2;212;223;227m▄[48;2;212;223;227m[38;2;212;223;227m▄[48;2;211;222;226m[38;2;211;222;226m▄[48;2;210;221;225m[38;2;210;221;225m▄[48;2;210;221;225m[38;2;209;220;224m▄[48;2;210;221;225m[38;2;209;220;224m▄[48;2;209;220;224m[38;2;208;219;223m▄[48;2;208;219;223m[38;2;208;219;223m▄[48;2;208;219;223m[38;2;207;218;222m▄[48;2;207;218;224m[38;2;207;218;223m▄[48;2;207;218;224m[38;2;206;217;222m▄[48;2;206;217;223m[38;2;205;216;220m▄[m
[48;2;214;225;229m[38;2;213;224;228m▄[48;2;214;225;229m[38;2;213;224;228m▄[48;2;214;225;229m[38;2;213;224;228m▄[48;2;213;224;228m[38;2;214;225;229m▄[48;2;213;224;228m[38;2;213;224;228m▄[48;2;212;223;227m[38;2;212;223;227m▄[48;2;211;222;226m[38;2;212;223;227m▄[48;2;212;223;227m[38;2;212;223;227m▄[48;2;212;223;227m[38;2;211;222;226m▄[48;2;214;225;229m[38;2;212;223;227m▄[48;2;213;224;228m[38;2;212;223;227m▄[48;2;212;223;227m[38;2;212;223;227m▄[48;2;212;223;227m[38;2;213;224;227m▄[48;2;212;223;227m[38;2;213;224;227m▄[48;2;213;224;228m[38;2;214;225;227m▄[48;2;214;225;227m[38;2;214;225;227m▄[48;2;214;225;227m[38;2;213;224;226m▄[48;2;214;225;227m[38;2;213;224;226m▄[48;2;212;223;226m[38;2;212;223;225m▄[48;2;213;224;226m[38;2;212;223;225m▄[48;2;212;222;226m[38;2;212;222;225m▄[48;2;213;223;227m[38;2;211;222;226m▄[48;2;213;223;227m[38;2;211;222;226m▄[48;2;213;223;227m[38;2;212;222;226m▄[48;2;214;225;228m[38;2;213;222;227m▄[48;2;214;225;228m[38;2;213;223;227m▄[48;2;214;225;228m[38;2;213;224;228m▄[48;2;215;226;228m[38;2;213;224;226m▄[48;2;214;225;227m[38;2;213;224;227m▄[48;2;214;225;227m[38;2;213;224;226m▄[48;2;215;226;229m[38;2;213;224;228m▄[48;2;215;226;229m[38;2;213;224;227m▄[48;2;216;227;229m[38;2;215;226;228m▄[48;2;217;228;230m[38;2;215;226;228m▄[48;2;216;227;229m[38;2;214;225;227m▄[48;2;215;226;228m[38;2;214;225;227m▄[48;2;215;226;229m[38;2;213;224;228m▄[48;2;215;226;229m[38;2;213;224;228m▄[48;2;215;226;229m[38;2;213;224;228m▄[48;2;215;225;229m[38;2;213;223;227m▄[48;2;215;226;228m[38;2;213;224;227m▄[48;2;215;226;228m[38;2;214;225;227m▄[48;2;215;226;228m[38;2;214;225;227m▄[48;2;215;226;228m[38;2;214;225;227m▄[48;2;214;225;229m[38;2;213;224;228m▄[48;2;214;225;229m[38;2;213;224;228m▄[48;2;213;224;228m[38;2;213;224;227m▄[48;2;212;223;227m[38;2;212;223;225m▄[48;2;212;223;227m[38;2;211;222;224m▄[48;2;211;222;226m[38;2;210;221;224m▄[48;2;211;222;226m[38;2;209;220;224m▄[48;2;210;221;224m[38;2;209;220;224m▄[48;2;209;220;224m[38;2;208;219;223m▄[48;2;208;219;223m[38;2;208;219;223m▄[48;2;207;218;222m[38;2;207;218;222m▄[48;2;207;218;222m[38;2;206;217;221m▄[48;2;207;218;222m[38;2;206;217;221m▄[48;2;206;217;221m[38;2;205;216;220m▄[48;2;206;217;221m[38;2;205;216;220m▄[48;2;205;216;220m[38;2;204;215;219m▄[m
[48;2;212;223;227m[38;2;212;223;227m▄[48;2;213;224;228m[38;2;212;223;227m▄[48;2;213;224;228m[38;2;212;223;227m▄[48;2;213;224;228m[38;2;213;224;228m▄[48;2;213;224;228m[38;2;212;223;227m▄[48;2;213;224;228m[38;2;213;224;228m▄[48;2;212;223;227m[38;2;212;223;227m▄[48;2;211;222;226m[38;2;211;222;226m▄[48;2;211;222;226m[38;2;211;222;226m▄[48;2;211;222;224m[38;2;211;222;224m▄[48;2;212;223;225m[38;2;212;223;225m▄[48;2;213;224;226m[38;2;212;223;225m▄[48;2;213;224;226m[38;2;212;223;225m▄[48;2;213;224;226m[38;2;212;223;225m▄[48;2;213;224;226m[38;2;212;223;225m▄[48;2;213;224;226m[38;2;212;223;225m▄[48;2;212;223;225m[38;2;211;222;224m▄[48;2;212;223;225m[38;2;210;221;223m▄[48;2;211;222;226m[38;2;210;220;225m▄[48;2;211;222;225m[38;2;210;220;223m▄[48;2;210;221;223m[38;2;210;221;223m▄[48;2;210;221;225m[38;2;209;220;224m▄[48;2;210;221;225m[38;2;209;219;224m▄[48;2;210;221;225m[38;2;210;220;224m▄[48;2;211;220;225m[38;2;210;220;224m▄[48;2;211;221;225m[38;2;211;220;224m▄[48;2;212;223;225m[38;2;211;221;225m▄[48;2;212;223;227m[38;2;210;221;225m▄[48;2;212;223;227m[38;2;210;221;225m▄[48;2;212;223;227m[38;2;211;222;226m▄[48;2;212;222;226m[38;2;211;221;225m▄[48;2;212;223;225m[38;2;211;222;225m▄[48;2;213;224;226m[38;2;211;222;225m▄[48;2;213;224;226m[38;2;210;221;223m▄[48;2;213;224;226m[38;2;211;221;224m▄[48;2;212;223;226m[38;2;211;222;225m▄[48;2;212;223;227m[38;2;210;221;225m▄[48;2;211;222;226m[38;2;210;221;225m▄[48;2;211;222;226m[38;2;210;221;225m▄[48;2;212;223;227m[38;2;210;221;225m▄[48;2;212;223;227m[38;2;211;222;226m▄[48;2;212;223;227m[38;2;211;222;226m▄[48;2;213;224;226m[38;2;211;222;226m▄[48;2;213;224;226m[38;2;212;223;226m▄[48;2;212;223;227m[38;2;211;222;226m▄[48;2;213;224;228m[38;2;211;222;225m▄[48;2;212;223;227m[38;2;211;222;224m▄[48;2;211;222;224m[38;2;209;220;222m▄[48;2;210;221;223m[38;2;209;220;222m▄[48;2;209;220;222m[38;2;208;219;222m▄[48;2;209;220;222m[38;2;207;218;222m▄[48;2;208;219;221m[38;2;207;218;221m▄[48;2;207;218;221m[38;2;206;217;221m▄[48;2;207;218;222m[38;2;206;217;221m▄[48;2;206;217;221m[38;2;205;216;220m▄[48;2;206;217;221m[38;2;205;216;220m▄[48;2;205;216;220m[38;2;205;216;220m▄[48;2;205;216;220m[38;2;204;215;219m▄[48;2;204;215;219m[38;2;204;215;219m▄[48;2;203;214;218m[38;2;203;214;218m▄[m
[48;2;212;223;227m[38;2;212;223;227m▄[48;2;212;223;227m[38;2;212;223;227m▄[48;2;212;223;227m[38;2;212;223;227m▄[48;2;212;223;227m[38;2;212;223;227m▄[48;2;212;223;227m[38;2;212;223;227m▄[48;2;212;223;227m[38;2;212;223;227m▄[48;2;212;223;227m[38;2;212;223;227m▄[48;2;212;223;227m[38;2;212;223;227m▄[48;2;211;222;226m[38;2;211;222;226m▄[48;2;211;222;224m[38;2;211;222;224m▄[48;2;211;222;224m[38;2;211;222;224m▄[48;2;211;222;224m[38;2;210;221;223m▄[48;2;211;222;224m[38;2;210;221;223m▄[48;2;210;221;223m[38;2;210;221;223m▄[48;2;210;221;223m[38;2;210;221;223m▄[48;2;211;222;224m[38;2;210;221;223m▄[48;2;210;221;223m[38;2;210;221;223m▄[48;2;210;221;223m[38;2;209;220;222m▄[48;2;209;220;224m[38;2;209;220;222m▄[48;2;208;219;222m[38;2;208;219;221m▄[48;2;209;220;222m[38;2;208;219;221m▄[48;2;208;219;223m[38;2;207;218;222m▄[48;2;208;219;223m[38;2;207;218;222m▄[48;2;208;219;223m[38;2;207;218;222m▄[48;2;209;219;223m[38;2;208;219;221m▄[48;2;209;219;223m[38;2;208;220;221m▄[48;2;209;220;224m[38;2;208;219;221m▄[48;2;209;220;224m[38;2;209;220;222m▄[48;2;209;220;224m[38;2;208;219;222m▄[48;2;209;220;224m[38;2;209;219;223m▄[48;2;209;220;224m[38;2;208;219;221m▄[48;2;210;221;224m[38;2;208;219;222m▄[48;2;209;220;224m[38;2;208;219;223m▄[48;2;209;221;223m[38;2;208;219;223m▄[48;2;209;221;223m[38;2;208;219;222m▄[48;2;209;220;224m[38;2;208;218;222m▄[48;2;209;220;224m[38;2;207;218;222m▄[48;2;209;220;224m[38;2;208;219;223m▄[48;2;209;220;224m[38;2;208;219;223m▄[48;2;209;220;224m[38;2;208;219;223m▄[48;2;209;220;224m[38;2;208;219;223m▄[48;2;209;220;224m[38;2;208;219;223m▄[48;2;210;220;224m[38;2;209;218;223m▄[48;2;209;220;224m[38;2;208;218;223m▄[48;2;209;220;224m[38;2;208;219;223m▄[48;2;210;221;223m[38;2;208;219;223m▄[48;2;209;220;222m[38;2;208;219;222m▄[48;2;208;219;221m[38;2;207;218;220m▄[48;2;208;219;221m[38;2;207;218;220m▄[48;2;207;218;221m[38;2;207;218;220m▄[48;2;206;217;220m[38;2;206;217;219m▄[48;2;205;216;220m[38;2;205;216;218m▄[48;2;206;217;220m[38;2;205;216;219m▄[48;2;205;216;220m[38;2;204;215;219m▄[48;2;204;215;219m[38;2;204;215;219m▄[48;2;204;215;219m[38;2;203;214;218m▄[48;2;204;215;219m[38;2;203;214;218m▄[48;2;203;214;218m[38;2;202;213;217m▄[48;2;203;214;218m[38;2;202;213;217m▄[48;2;202;213;217m[38;2;201;212;216m▄[m
[48;2;211;222;226m[38;2;211;222;226m▄[48;2;211;222;226m[38;2;211;222;226m▄[48;2;212;223;227m[38;2;211;222;226m▄[48;2;212;223;227m[38;2;211;222;226m▄[48;2;212;223;227m[38;2;211;222;226m▄[48;2;212;223;227m[38;2;211;222;226m▄[48;2;212;223;227m[38;2;211;222;226m▄[48;2;212;223;227m[38;2;211;222;226m▄[48;2;211;222;226m[38;2;211;222;226m▄[48;2;211;222;224m[38;2;212;223;225m▄[48;2;211;222;224m[38;2;211;222;225m▄[48;2;210;221;224m[38;2;210;221;225m▄[48;2;210;221;223m[38;2;210;221;223m▄[48;2;210;221;223m[38;2;210;221;223m▄[48;2;210;221;223m[38;2;210;221;223m▄[48;2;209;220;222m[38;2;208;219;222m▄[48;2;209;220;222m[38;2;207;218;221m▄[48;2;209;220;222m[38;2;208;219;221m▄[48;2;208;219;221m[38;2;207;218;220m▄[48;2;207;218;220m[38;2;206;217;219m▄[48;2;207;218;220m[38;2;206;217;219m▄[48;2;206;217;220m[38;2;206;217;219m▄[48;2;206;217;220m[38;2;206;217;219m▄[48;2;207;218;220m[38;2;206;217;219m▄[48;2;207;218;220m[38;2;206;217;219m▄[48;2;207;218;220m[38;2;206;217;219m▄[48;2;207;218;220m[38;2;206;217;219m▄[48;2;207;218;220m[38;2;206;217;219m▄[48;2;207;218;220m[38;2;206;217;219m▄[48;2;206;218;220m[38;2;206;217;219m▄[48;2;207;218;220m[38;2;206;217;219m▄[48;2;207;218;221m[38;2;206;217;219m▄[48;2;207;218;221m[38;2;206;217;219m▄[48;2;207;218;220m[38;2;206;217;219m▄[48;2;207;218;220m[38;2;206;217;219m▄[48;2;207;218;220m[38;2;206;217;219m▄[48;2;207;218;220m[38;2;206;217;219m▄[48;2;207;218;221m[38;2;206;217;219m▄[48;2;206;217;221m[38;2;206;217;219m▄[48;2;207;217;221m[38;2;206;217;219m▄[48;2;207;217;221m[38;2;206;216;220m▄[48;2;207;217;221m[38;2;206;216;220m▄[48;2;207;217;221m[38;2;206;217;221m▄[48;2;207;217;222m[38;2;206;217;221m▄[48;2;206;217;221m[38;2;206;217;220m▄[48;2;206;217;221m[38;2;205;216;220m▄[48;2;206;217;221m[38;2;205;216;219m▄[48;2;206;217;219m[38;2;205;216;218m▄[48;2;206;217;219m[38;2;205;216;218m▄[48;2;206;217;219m[38;2;204;215;218m▄[48;2;205;216;218m[38;2;204;215;218m▄[48;2;205;216;218m[38;2;204;215;217m▄[48;2;204;215;218m[38;2;204;215;217m▄[48;2;204;215;219m[38;2;203;214;218m▄[48;2;203;214;218m[38;2;202;213;217m▄[48;2;203;214;218m[38;2;202;213;217m▄[48;2;202;213;217m[38;2;202;213;217m▄[48;2;202;213;217m[38;2;201;212;216m▄[48;2;201;212;216m[38;2;201;212;216m▄[48;2;201;212;216m[38;2;200;211;215m▄[m
[48;2;210;221;225m[38;2;209;220;224m▄[48;2;210;221;225m[38;2;209;220;224m▄[48;2;210;221;225m[38;2;209;220;224m▄[48;2;210;221;225m[38;2;209;220;224m▄[48;2;210;221;225m[38;2;209;220;224m▄[48;2;210;221;225m[38;2;210;221;225m▄[48;2;211;222;226m[38;2;210;221;225m▄[48;2;210;221;225m[38;2;210;221;225m▄[48;2;210;221;225m[38;2;210;221;224m▄[48;2;211;222;224m[38;2;210;221;223m▄[48;2;211;222;224m[38;2;210;221;223m▄[48;2;211;222;224m[38;2;210;221;223m▄[48;2;210;221;223m[38;2;210;221;223m▄[48;2;210;221;223m[38;2;209;220;222m▄[48;2;209;220;222m[38;2;209;220;222m▄[48;2;208;219;223m[38;2;208;219;223m▄[48;2;208;219;223m[38;2;208;219;223m▄[48;2;207;218;222m[38;2;207;218;222m▄[48;2;207;218;220m[38;2;207;218;220m▄[48;2;206;217;219m[38;2;206;217;219m▄[48;2;205;216;218m[38;2;205;216;218m▄[48;2;205;216;218m[38;2;205;216;218m▄[48;2;205;216;218m[38;2;205;216;218m▄[48;2;205;216;218m[38;2;205;216;218m▄[48;2;205;216;218m[38;2;205;216;218m▄[48;2;205;216;218m[38;2;204;215;217m▄[48;2;205;216;218m[38;2;205;216;218m▄[48;2;206;217;219m[38;2;205;216;218m▄[48;2;206;217;219m[38;2;206;217;219m▄[48;2;206;217;219m[38;2;206;217;219m▄[48;2;205;216;218m[38;2;205;216;218m▄[48;2;206;217;219m[38;2;206;217;219m▄[48;2;206;217;219m[38;2;206;217;219m▄[48;2;206;217;219m[38;2;206;217;219m▄[48;2;206;217;219m[38;2;206;217;219m▄[48;2;206;217;219m[38;2;206;217;219m▄[48;2;205;216;218m[38;2;205;216;218m▄[48;2;205;216;218m[38;2;206;217;219m▄[48;2;205;216;218m[38;2;205;216;218m▄[48;2;205;215;219m[38;2;205;216;218m▄[48;2;205;215;219m[38;2;205;216;218m▄[48;2;205;216;220m[38;2;204;215;218m▄[48;2;205;216;220m[38;2;204;215;218m▄[48;2;205;216;219m[38;2;204;215;217m▄[48;2;205;216;218m[38;2;204;215;217m▄[48;2;204;215;217m[38;2;203;214;216m▄[48;2;205;216;218m[38;2;204;215;217m▄[48;2;204;215;217m[38;2;204;215;217m▄[48;2;204;215;217m[38;2;204;215;217m▄[48;2;204;215;218m[38;2;204;215;217m▄[48;2;204;215;219m[38;2;203;214;217m▄[48;2;204;215;217m[38;2;204;215;217m▄[48;2;203;214;216m[38;2;203;214;217m▄[48;2;202;213;217m[38;2;203;214;217m▄[48;2;202;213;217m[38;2;202;213;217m▄[48;2;202;213;217m[38;2;202;213;217m▄[48;2;202;213;217m[38;2;202;213;217m▄[48;2;201;212;216m[38;2;201;212;216m▄[48;2;201;212;216m[38;2;200;211;215m▄[48;2;200;211;215m[38;2;199;210;214m▄[m
[48;2;208;219;223m[38;2;208;219;223m▄[48;2;208;219;223m[38;2;207;218;222m▄[48;2;208;219;223m[38;2;208;219;223m▄[48;2;209;220;224m[38;2;208;219;223m▄[48;2;209;220;224m[38;2;209;220;224m▄[48;2;209;220;224m[38;2;209;220;224m▄[48;2;209;220;224m[38;2;209;220;224m▄[48;2;209;220;224m[38;2;209;220;224m▄[48;2;209;220;223m[38;2;209;220;223m▄[48;2;210;221;223m[38;2;209;220;222m▄[48;2;210;221;223m[38;2;210;221;223m▄[48;2;209;220;222m[38;2;209;220;222m▄[48;2;209;220;222m[38;2;209;220;222m▄[48;2;209;220;222m[38;2;209;220;222m▄[48;2;209;220;222m[38;2;208;219;221m▄[48;2;208;219;221m[38;2;209;220;222m▄[48;2;208;219;221m[38;2;208;219;221m▄[48;2;207;218;220m[38;2;208;219;221m▄[48;2;206;217;219m[38;2;207;218;220m▄[48;2;206;217;219m[38;2;206;217;220m▄[48;2;205;216;218m[38;2;205;218;219m▄[48;2;204;216;218m[38;2;206;217;219m▄[48;2;204;215;218m[38;2;206;218;219m▄[48;2;205;216;219m[38;2;206;218;219m▄[48;2;205;216;218m[38;2;206;218;220m▄[48;2;204;215;218m[38;2;207;219;220m▄[48;2;201;213;215m[38;2;199;211;213m▄[48;2;205;216;219m[38;2;205;217;219m▄[48;2;204;216;218m[38;2;197;209;210m▄[48;2;204;216;218m[38;2;171;182;181m▄[48;2;205;217;218m[38;2;153;162;159m▄[48;2;205;217;219m[38;2;139;148;144m▄[48;2;206;217;220m[38;2;143;150;145m▄[48;2;206;218;220m[38;2;145;153;146m▄[48;2;206;218;220m[38;2;142;150;144m▄[48;2;206;218;220m[38;2;132;140;133m▄[48;2;206;218;220m[38;2;139;146;138m▄[48;2;206;218;220m[38;2;149;156;148m▄[48;2;206;218;220m[38;2;165;172;165m▄[48;2;206;217;219m[38;2;172;180;177m▄[48;2;206;217;219m[38;2;174;185;183m▄[48;2;205;215;217m[38;2;192;203;204m▄[48;2;204;215;217m[38;2;203;215;218m▄[48;2;204;215;217m[38;2;203;214;217m▄[48;2;203;214;216m[38;2;204;215;217m▄[48;2;203;214;216m[38;2;203;214;216m▄[48;2;203;214;216m[38;2;204;215;217m▄[48;2;204;215;217m[38;2;204;215;217m▄[48;2;204;215;217m[38;2;204;215;217m▄[48;2;204;215;217m[38;2;204;215;217m▄[48;2;204;215;217m[38;2;203;214;218m▄[48;2;204;215;217m[38;2;203;214;216m▄[48;2;203;214;217m[38;2;203;214;216m▄[48;2;202;213;217m[38;2;203;214;216m▄[48;2;202;213;216m[38;2;202;213;215m▄[48;2;202;213;217m[38;2;202;213;217m▄[48;2;201;212;216m[38;2;201;212;216m▄[48;2;200;211;215m[38;2;200;211;215m▄[48;2;200;211;215m[38;2;200;211;215m▄[48;2;199;210;214m[38;2;200;211;215m▄[m
[48;2;208;219;223m[38;2;208;219;223m▄[48;2;207;218;222m[38;2;208;219;223m▄[48;2;209;220;224m[38;2;209;220;224m▄[48;2;209;220;224m[38;2;209;220;224m▄[48;2;210;221;225m[38;2;210;221;225m▄[48;2;209;220;224m[38;2;209;220;224m▄[48;2;208;221;224m[38;2;210;220;224m▄[48;2;208;220;223m[38;2;210;220;224m▄[48;2;209;220;222m[38;2;209;220;223m▄[48;2;210;221;223m[38;2;210;220;223m▄[48;2;209;220;222m[38;2;209;220;222m▄[48;2;209;220;222m[38;2;207;219;221m▄[48;2;208;220;223m[38;2;208;218;223m▄[48;2;208;219;222m[38;2;208;218;222m▄[48;2;207;219;221m[38;2;208;219;222m▄[48;2;208;219;221m[38;2;203;215;217m▄[48;2;207;219;221m[38;2;106;114;107m▄[48;2;201;213;214m[38;2;61;68;60m▄[48;2;181;191;190m[38;2;59;65;54m▄[48;2;156;165;157m[38;2;59;62;50m▄[48;2;119;124;110m[38;2;55;58;47m▄[48;2;92;96;85m[38;2;57;60;50m▄[48;2;86;91;82m[38;2;41;44;36m▄[48;2;90;97;90m[38;2;48;53;43m▄[48;2;97;101;93m[38;2;77;76;61m▄[48;2;106;110;101m[38;2;113;113;100m▄[48;2;95;98;84m[38;2;113;115;100m▄[48;2;62;66;57m[38;2;110;114;101m▄[48;2;46;51;43m[38;2;109;112;99m▄[48;2;47;49;38m[38;2;107;111;99m▄[48;2;61;63;53m[38;2;95;98;90m▄[48;2;75;78;67m[38;2;88;93;83m▄[48;2;74;75;64m[38;2;99;101;92m▄[48;2;96;100;88m[38;2;117;118;109m▄[48;2;104;107;95m[38;2;114;116;106m▄[48;2;101;104;91m[38;2;117;118;109m▄[48;2;95;99;85m[38;2;96;100;87m▄[48;2;98;102;89m[38;2;90;94;81m▄[48;2;94;97;85m[38;2;98;102;91m▄[48;2;134;137;124m[38;2;117;119;106m▄[48;2;114;116;103m[38;2;109;112;99m▄[48;2;96;99;87m[38;2;98;100;87m▄[48;2;101;106;98m[38;2;97;99;87m▄[48;2;149;158;156m[38;2;105;110;98m▄[48;2;203;215;216m[38;2;189;200;199m▄[48;2;204;215;217m[38;2;205;216;218m▄[48;2;204;215;217m[38;2;205;216;218m▄[48;2;204;215;217m[38;2;205;216;218m▄[48;2;204;215;217m[38;2;205;216;218m▄[48;2;204;215;218m[38;2;204;216;218m▄[48;2;203;214;218m[38;2;204;216;218m▄[48;2;204;215;217m[38;2;204;215;217m▄[48;2;203;214;216m[38;2;203;214;217m▄[48;2;203;214;216m[38;2;203;214;218m▄[48;2;202;213;216m[38;2;202;213;217m▄[48;2;201;212;216m[38;2;201;212;216m▄[48;2;201;212;216m[38;2;200;211;215m▄[48;2;200;211;215m[38;2;200;211;215m▄[48;2;200;211;215m[38;2;201;212;216m▄[48;2;200;211;215m[38;2;200;211;215m▄[m
[48;2;208;219;223m[38;2;208;219;223m▄[48;2;208;219;223m[38;2;208;219;223m▄[48;2;209;220;224m[38;2;208;219;223m▄[48;2;209;220;224m[38;2;208;219;223m▄[48;2;209;220;224m[38;2;209;220;224m▄[48;2;209;220;224m[38;2;208;219;223m▄[48;2;210;221;225m[38;2;209;220;224m▄[48;2;210;221;225m[38;2;209;220;224m▄[48;2;210;221;225m[38;2;209;220;224m▄[48;2;210;219;224m[38;2;209;219;224m▄[48;2;209;219;223m[38;2;207;218;221m▄[48;2;207;218;220m[38;2;182;193;192m▄[48;2;207;218;222m[38;2;142;151;148m▄[48;2;207;218;222m[38;2;132;141;137m▄[48;2;208;219;223m[38;2;130;137;132m▄[48;2;156;164;161m[38;2;118;122;109m▄[48;2;79;71;51m[38;2;106;108;91m▄[48;2;43;46;32m[38;2;48;54;44m▄[48;2;40;46;37m[38;2;49;54;46m▄[48;2;27;30;22m[38;2;57;62;53m▄[48;2;33;35;28m[38;2;93;100;93m▄[48;2;55;57;49m[38;2;43;48;43m▄[48;2;87;91;79m[38;2;63;66;55m▄[48;2;142;137;114m[38;2;48;53;43m▄[48;2;120;123;109m[38;2;77;80;69m▄[48;2;99;101;88m[38;2;111;110;96m▄[48;2;66;69;60m[38;2;122;124;113m▄[48;2;49;51;43m[38;2;72;75;68m▄[48;2;46;49;40m[38;2;85;88;76m▄[48;2;32;36;28m[38;2;70;72;61m▄[48;2;32;34;27m[38;2;76;78;68m▄[48;2;66;69;57m[38;2;72;74;63m▄[48;2;89;90;79m[38;2;67;69;59m▄[48;2;92;94;83m[38;2;74;76;65m▄[48;2;94;96;85m[38;2;82;84;71m▄[48;2;92;94;84m[38;2;78;79;69m▄[48;2;84;87;76m[38;2;84;85;73m▄[48;2;82;84;71m[38;2;76;76;64m▄[48;2;95;96;83m[38;2;71;70;57m▄[48;2;86;88;73m[38;2;66;64;49m▄[48;2;79;81;69m[38;2;41;42;31m▄[48;2;89;92;79m[38;2;34;37;25m▄[48;2;66;68;55m[38;2;30;31;25m▄[48;2;61;63;50m[38;2;140;148;146m▄[48;2;156;165;161m[38;2;205;216;218m▄[48;2;205;216;218m[38;2;205;216;218m▄[48;2;205;216;218m[38;2;206;217;219m▄[48;2;206;217;219m[38;2;206;217;219m▄[48;2;206;217;219m[38;2;206;217;219m▄[48;2;206;217;219m[38;2;206;217;219m▄[48;2;205;216;218m[38;2;205;216;218m▄[48;2;204;215;217m[38;2;204;215;217m▄[48;2;204;215;217m[38;2;204;215;217m▄[48;2;204;215;218m[38;2;204;215;217m▄[48;2;203;214;218m[38;2;204;215;217m▄[48;2;202;213;217m[38;2;203;214;217m▄[48;2;201;212;216m[38;2;203;214;218m▄[48;2;201;212;216m[38;2;202;213;217m▄[48;2;202;213;217m[38;2;202;213;217m▄[48;2;201;212;216m[38;2;202;213;217m▄[m
[48;2;207;218;222m[38;2;207;218;222m▄[48;2;207;218;222m[38;2;207;218;222m▄[48;2;208;219;223m[38;2;207;218;222m▄[48;2;208;219;223m[38;2;207;218;223m▄[48;2;208;219;223m[38;2;208;219;225m▄[48;2;208;219;223m[38;2;207;218;222m▄[48;2;208;219;223m[38;2;207;218;222m▄[48;2;208;219;223m[38;2;207;218;222m▄[48;2;208;219;223m[38;2;207;219;223m▄[48;2;207;218;222m[38;2;207;218;222m▄[48;2;204;216;220m[38;2;202;214;217m▄[48;2;69;76;69m[38;2;45;51;39m▄[48;2;54;59;50m[38;2;36;39;31m▄[48;2;43;49;43m[38;2;40;44;35m▄[48;2;47;51;45m[38;2;45;47;38m▄[48;2;50;53;45m[38;2;55;57;46m▄[48;2;59;63;53m[38;2;63;66;57m▄[48;2;37;40;31m[38;2;39;42;32m▄[48;2;42;44;37m[38;2;39;42;34m▄[48;2;61;63;51m[38;2;62;64;51m▄[48;2;57;62;58m[38;2;57;61;50m▄[48;2;68;71;59m[38;2;68;70;60m▄[48;2;67;69;57m[38;2;56;58;45m▄[48;2;59;62;50m[38;2;49;50;41m▄[48;2;78;79;66m[38;2;69;72;62m▄[48;2;80;81;69m[38;2;73;76;67m▄[48;2;70;72;61m[38;2;54;57;47m▄[48;2;56;58;51m[38;2;55;58;48m▄[48;2;37;40;33m[38;2;36;38;31m▄[48;2;58;62;52m[38;2;45;48;39m▄[48;2;66;67;59m[38;2;79;80;72m▄[48;2;59;60;50m[38;2;84;85;76m▄[48;2;64;66;54m[38;2;85;87;74m▄[48;2;73;74;64m[38;2;76;78;65m▄[48;2;85;87;76m[38;2;80;82;72m▄[48;2;78;80;67m[38;2;105;106;93m▄[48;2;56;58;47m[38;2;92;94;81m▄[48;2;58;59;50m[38;2;73;72;60m▄[48;2;54;54;41m[38;2;91;90;75m▄[48;2;67;68;54m[38;2;88;89;76m▄[48;2;75;78;64m[38;2;81;83;74m▄[48;2;64;66;53m[38;2;82;83;74m▄[48;2;91;94;84m[38;2;92;94;82m▄[48;2;185;194;192m[38;2;114;117;107m▄[48;2;206;217;220m[38;2;179;188;188m▄[48;2;207;218;220m[38;2;207;218;220m▄[48;2;206;218;220m[38;2;206;218;220m▄[48;2;207;218;220m[38;2;207;218;220m▄[48;2;207;218;220m[38;2;208;218;222m▄[48;2;207;218;220m[38;2;208;219;222m▄[48;2;206;218;219m[38;2;208;219;222m▄[48;2;205;217;219m[38;2;208;219;222m▄[48;2;205;216;218m[38;2;207;219;221m▄[48;2;205;216;218m[38;2;206;217;219m▄[48;2;204;215;217m[38;2;205;216;218m▄[48;2;204;215;217m[38;2;204;215;217m▄[48;2;203;214;218m[38;2;204;215;218m▄[48;2;203;214;218m[38;2;204;215;218m▄[48;2;203;214;218m[38;2;204;215;217m▄[48;2;203;214;218m[38;2;203;214;218m▄[m
[48;2;206;217;221m[38;2;206;217;221m▄[48;2;206;217;221m[38;2;205;216;220m▄[48;2;207;218;222m[38;2;206;217;221m▄[48;2;207;218;222m[38;2;206;218;222m▄[48;2;207;218;223m[38;2;206;217;221m▄[48;2;207;218;222m[38;2;207;217;222m▄[48;2;207;218;222m[38;2;207;218;222m▄[48;2;207;219;222m[38;2;208;218;223m▄[48;2;207;218;222m[38;2;208;219;223m▄[48;2;206;217;221m[38;2;207;218;222m▄[48;2;205;216;220m[38;2;206;216;220m▄[48;2;96;102;90m[38;2;193;204;205m▄[48;2;40;43;28m[38;2;78;83;76m▄[48;2;39;41;30m[38;2;31;32;24m▄[48;2;42;43;34m[38;2;27;29;18m▄[48;2;42;44;35m[38;2;24;24;16m▄[48;2;35;38;29m[38;2;32;34;25m▄[48;2;37;40;30m[38;2;34;37;27m▄[48;2;41;43;35m[38;2;46;47;38m▄[48;2;50;52;43m[38;2;52;52;42m▄[48;2;43;46;37m[38;2;40;43;33m▄[48;2;58;59;46m[38;2;39;41;31m▄[48;2;70;71;57m[38;2;44;46;34m▄[48;2;36;38;30m[38;2;21;24;16m▄[48;2;52;54;44m[38;2;14;15;9m▄[48;2;54;56;46m[38;2;13;14;9m▄[48;2;42;44;34m[38;2;14;15;10m▄[48;2;43;45;34m[38;2;20;22;14m▄[48;2;31;34;24m[38;2;18;21;12m▄[48;2;36;38;28m[38;2;22;24;14m▄[48;2;55;56;47m[38;2;21;22;14m▄[48;2;71;73;63m[38;2;24;26;16m▄[48;2;84;86;76m[38;2;30;32;22m▄[48;2;86;87;79m[38;2;34;35;26m▄[48;2;93;94;86m[38;2;40;42;32m▄[48;2;90;92;78m[38;2;47;48;38m▄[48;2;70;71;58m[38;2;41;43;31m▄[48;2;77;78;63m[38;2;37;38;28m▄[48;2;71;72;58m[38;2;28;29;22m▄[48;2;59;60;48m[38;2;28;28;22m▄[48;2;42;44;35m[38;2;34;35;26m▄[48;2;32;34;25m[38;2;28;30;21m▄[48;2;31;32;22m[38;2;26;26;19m▄[48;2;43;44;34m[38;2;145;152;150m▄[48;2;123;130;124m[38;2;207;218;222m▄[48;2;207;218;220m[38;2;208;217;222m▄[48;2;207;218;221m[38;2;208;218;222m▄[48;2;208;219;223m[38;2;208;219;223m▄[48;2;210;220;224m[38;2;209;220;224m▄[48;2;210;220;224m[38;2;209;219;224m▄[48;2;210;219;224m[38;2;209;218;223m▄[48;2;208;218;223m[38;2;208;219;223m▄[48;2;207;218;221m[38;2;207;218;221m▄[48;2;207;218;220m[38;2;206;217;219m▄[48;2;206;217;220m[38;2;205;216;220m▄[48;2;205;216;219m[38;2;204;214;219m▄[48;2;204;215;218m[38;2;204;214;219m▄[48;2;204;215;217m[38;2;204;215;217m▄[48;2;204;215;217m[38;2;203;215;216m▄[48;2;203;214;217m[38;2;203;214;217m▄[m
[48;2;206;217;221m[38;2;206;217;222m▄[48;2;205;216;221m[38;2;206;217;222m▄[48;2;205;216;221m[38;2;206;217;221m▄[48;2;205;217;221m[38;2;207;215;221m▄[48;2;207;216;221m[38;2;207;216;221m▄[48;2;208;217;222m[38;2;208;217;222m▄[48;2;207;216;221m[38;2;208;218;222m▄[48;2;207;216;221m[38;2;208;218;222m▄[48;2;208;217;222m[38;2;208;217;222m▄[48;2;208;217;222m[38;2;207;216;221m▄[48;2;207;216;221m[38;2;207;216;221m▄[48;2;206;215;220m[38;2;207;216;221m▄[48;2;204;214;218m[38;2;205;214;219m▄[48;2;185;195;196m[38;2;205;215;220m▄[48;2;38;38;26m[38;2;52;54;46m▄[48;2;47;47;36m[38;2;45;46;35m▄[48;2;67;68;54m[38;2;60;60;47m▄[48;2;44;46;35m[38;2;48;50;39m▄[48;2;55;56;44m[38;2;49;51;39m▄[48;2;50;51;40m[38;2;33;36;27m▄[48;2;45;48;37m[38;2;31;34;24m▄[48;2;21;24;15m[38;2;33;36;27m▄[48;2;20;23;14m[38;2;59;62;52m▄[48;2;26;28;19m[38;2;84;86;73m▄[48;2;35;36;30m[38;2;79;80;68m▄[48;2;20;21;15m[38;2;48;50;39m▄[48;2;17;18;11m[38;2;53;54;43m▄[48;2;16;18;10m[38;2;45;47;36m▄[48;2;20;22;12m[38;2;70;72;59m▄[48;2;26;28;16m[38;2;74;76;63m▄[48;2;34;36;24m[38;2;85;87;75m▄[48;2;36;38;26m[38;2;100;101;88m▄[48;2;40;42;30m[38;2;101;99;86m▄[48;2;69;70;58m[38;2;108;107;92m▄[48;2;73;74;61m[38;2;112;110;95m▄[48;2;72;72;60m[38;2;114;112;99m▄[48;2;71;71;59m[38;2;127;123;107m▄[48;2;58;59;47m[38;2;121;118;102m▄[48;2;54;55;44m[38;2;60;59;48m▄[48;2;99;100;87m[38;2;96;97;86m▄[48;2;109;109;96m[38;2;103;105;94m▄[48;2;104;106;94m[38;2;88;89;77m▄[48;2;104;105;95m[38;2;83;84;73m▄[48;2;113;116;108m[38;2;101;104;92m▄[48;2;168;176;176m[38;2;106;105;90m▄[48;2;210;220;224m[38;2;127;126;114m▄[48;2;210;220;223m[38;2;200;210;209m▄[48;2;209;220;223m[38;2;212;224;225m▄[48;2;208;219;223m[38;2;211;223;224m▄[48;2;207;218;222m[38;2;210;221;223m▄[48;2;207;218;222m[38;2;208;219;222m▄[48;2;207;218;222m[38;2;208;217;221m▄[48;2;206;217;221m[38;2;207;218;221m▄[48;2;206;217;219m[38;2;207;217;221m▄[48;2;205;216;220m[38;2;206;216;221m▄[48;2;204;214;219m[38;2;206;216;221m▄[48;2;204;215;219m[38;2;204;216;219m▄[48;2;204;215;219m[38;2;205;215;218m▄[48;2;203;214;217m[38;2;193;204;206m▄[48;2;203;214;216m[38;2;201;212;214m▄[m
[48;2;206;217;223m[38;2;206;217;223m▄[48;2;206;217;222m[38;2;206;217;222m▄[48;2;206;217;221m[38;2;206;217;221m▄[48;2;206;216;221m[38;2;206;216;221m▄[48;2;207;216;221m[38;2;207;216;221m▄[48;2;207;216;221m[38;2;207;216;221m▄[48;2;207;218;222m[38;2;207;216;221m▄[48;2;208;218;222m[38;2;208;217;222m▄[48;2;208;217;222m[38;2;209;218;223m▄[48;2;207;217;222m[38;2;208;219;223m▄[48;2;207;217;222m[38;2;208;219;223m▄[48;2;207;217;222m[38;2;208;219;223m▄[48;2;206;216;221m[38;2;208;219;223m▄[48;2;197;207;210m[38;2;176;187;189m▄[48;2;72;73;65m[38;2;80;82;71m▄[48;2;82;84;71m[38;2;76;78;67m▄[48;2;85;86;72m[38;2;83;85;76m▄[48;2;68;71;57m[38;2;74;77;64m▄[48;2;70;71;59m[38;2;73;74;61m▄[48;2;84;84;70m[38;2;69;70;56m▄[48;2;131;132;117m[38;2;104;104;90m▄[48;2;98;98;85m[38;2;45;47;37m▄[48;2;115;115;98m[38;2;40;42;33m▄[48;2;115;115;101m[38;2;46;48;38m▄[48;2;102;103;89m[38;2;71;73;61m▄[48;2;75;78;65m[38;2;82;84;73m▄[48;2;71;74;62m[38;2;85;87;76m▄[48;2;55;56;45m[38;2;63;64;55m▄[48;2;88;89;76m[38;2;60;62;51m▄[48;2;85;85;73m[38;2;49;51;43m▄[48;2;99;99;86m[38;2;73;73;63m▄[48;2;102;101;87m[38;2;76;77;65m▄[48;2;95;96;83m[38;2;68;70;58m▄[48;2;87;89;76m[38;2;59;60;49m▄[48;2;94;94;82m[38;2;59;61;50m▄[48;2;91;92;79m[38;2;75;76;65m▄[48;2;91;92;80m[38;2;82;80;64m▄[48;2;77;78;67m[38;2;79;79;66m▄[48;2;59;59;48m[38;2;72;74;62m▄[48;2;74;75;65m[38;2;65;67;54m▄[48;2;84;86;76m[38;2;70;72;62m▄[48;2;78;80;71m[38;2;93;94;85m▄[48;2;63;66;54m[38;2;64;67;56m▄[48;2;63;65;54m[38;2;46;48;40m▄[48;2;74;74;59m[38;2;48;48;37m▄[48;2;94;90;73m[38;2;93;95;84m▄[48;2;177;183;179m[38;2;96;100;91m▄[48;2;185;192;188m[38;2;101;102;90m▄[48;2;166;172;167m[38;2;104;108;90m▄[48;2;164;171;167m[38;2;91;97;86m▄[48;2;161;168;163m[38;2;97;102;91m▄[48;2;157;165;160m[38;2;91;95;83m▄[48;2;149;155;147m[38;2;92;95;84m▄[48;2;143;148;141m[38;2;95;98;87m▄[48;2;133;133;124m[38;2;102;102;88m▄[48;2;136;134;121m[38;2;120;111;91m▄[48;2;129;127;115m[38;2;120;113;93m▄[48;2;125;121;106m[38;2;119;113;91m▄[48;2;118;114;96m[38;2;125;113;92m▄[48;2;120;117;100m[38;2;111;104;86m▄[m
[48;2;205;216;223m[38;2;198;203;206m▄[48;2;205;216;221m[38;2;195;199;198m▄[48;2;206;216;220m[38;2;190;193;192m▄[48;2;206;217;220m[38;2;178;181;178m▄[48;2;207;216;221m[38;2;171;171;167m▄[48;2;207;216;222m[38;2;150;151;146m▄[48;2;208;217;222m[38;2;158;156;147m▄[48;2;208;217;223m[38;2;165;159;151m▄[48;2;210;219;224m[38;2;160;152;141m▄[48;2;208;220;223m[38;2;152;142;128m▄[48;2;211;220;224m[38;2;142;129;116m▄[48;2;212;221;226m[38;2;146;133;118m▄[48;2;212;222;225m[38;2;136;124;110m▄[48;2;209;218;222m[38;2;128;118;103m▄[48;2;69;73;67m[38;2;90;84;73m▄[48;2;49;51;42m[38;2;49;51;42m▄[48;2;58;59;47m[38;2;66;67;56m▄[48;2;81;82;69m[38;2;61;63;50m▄[48;2;63;66;53m[38;2;63;66;53m▄[48;2;50;51;41m[38;2;70;72;59m▄[48;2;54;56;42m[38;2;76;79;64m▄[48;2;41;43;33m[38;2;71;73;61m▄[48;2;49;50;40m[38;2;84;85;72m▄[48;2;50;51;41m[38;2;72;73;62m▄[48;2;67;69;57m[38;2;68;69;59m▄[48;2;85;87;75m[38;2;70;72;62m▄[48;2;85;86;75m[38;2;58;61;50m▄[48;2;44;46;38m[38;2;40;42;33m▄[48;2;61;63;50m[38;2;29;31;23m▄[48;2;82;83;72m[38;2;44;45;36m▄[48;2;70;72;61m[38;2;52;54;43m▄[48;2;89;90;78m[38;2;60;61;49m▄[48;2;92;94;79m[38;2;63;65;53m▄[48;2;103;105;90m[38;2;73;74;62m▄[48;2;87;89;75m[38;2;78;79;69m▄[48;2;65;67;55m[38;2;70;71;60m▄[48;2;52;53;42m[38;2;58;59;49m▄[48;2;46;48;38m[38;2;78;78;67m▄[48;2;46;48;39m[38;2;68;68;56m▄[48;2;21;22;16m[38;2;39;39;28m▄[48;2;14;15;9m[38;2;33;34;23m▄[48;2;11;12;7m[38;2;34;34;26m▄[48;2;54;48;39m[38;2;126;110;85m▄[48;2;104;94;75m[38;2;142;120;93m▄[48;2;131;118;96m[38;2;140;118;91m▄[48;2;132;121;97m[38;2;126;108;88m▄[48;2;122;114;92m[38;2;136;117;94m▄[48;2;121;112;90m[38;2;135;114;91m▄[48;2;126;117;94m[38;2;134;114;90m▄[48;2;131;119;96m[38;2;132;110;86m▄[48;2;134;120;95m[38;2;138;115;89m▄[48;2;123;112;90m[38;2;133;110;86m▄[48;2;116;106;86m[38;2;133;111;87m▄[48;2;125;109;89m[38;2;131;110;85m▄[48;2;119;105;87m[38;2;129;109;87m▄[48;2;121;106;87m[38;2;129;106;85m▄[48;2;120;106;88m[38;2;129;106;83m▄[48;2;120;103;87m[38;2;119;99;80m▄[48;2;115;98;81m[38;2;103;89;74m▄[48;2;110;94;79m[38;2;114;96;79m▄[m
[48;2;124;109;94m[38;2;118;95;72m▄[48;2;129;113;94m[38;2;131;106;85m▄[48;2;131;113;96m[38;2;122;100;80m▄[48;2;132;114;97m[38;2;114;94;73m▄[48;2;119;104;90m[38;2;132;114;93m▄[48;2;122;106;91m[38;2;126;107;86m▄[48;2;122;106;90m[38;2;138;113;87m▄[48;2;120;103;87m[38;2;135;108;84m▄[48;2;127;111;95m[38;2;130;105;82m▄[48;2;124;107;88m[38;2;127;102;77m▄[48;2;132;112;94m[38;2;115;91;66m▄[48;2;129;109;91m[38;2;126;100;74m▄[48;2;137;117;96m[38;2;140;113;85m▄[48;2;132;114;94m[38;2;130;102;76m▄[48;2;79;73;62m[38;2;96;86;67m▄[48;2;52;53;45m[38;2;80;75;60m▄[48;2;58;59;48m[38;2;96;94;78m▄[48;2;78;78;65m[38;2;104;103;90m▄[48;2;86;88;75m[38;2;94;96;84m▄[48;2;78;80;65m[38;2;95;93;79m▄[48;2;64;64;51m[38;2;90;83;64m▄[48;2;54;56;44m[38;2;110;100;82m▄[48;2;68;67;53m[38;2;104;90;70m▄[48;2;77;75;62m[38;2;99;86;68m▄[48;2;88;87;74m[38;2;109;100;83m▄[48;2;90;91;78m[38;2;116;108;91m▄[48;2;104;103;90m[38;2;99;91;74m▄[48;2;65;65;54m[38;2;87;77;59m▄[48;2;71;71;60m[38;2;95;90;72m▄[48;2;107;108;95m[38;2;86;81;64m▄[48;2;111;112;99m[38;2;78;71;56m▄[48;2;114;114;101m[38;2;65;65;52m▄[48;2;106;106;93m[38;2;67;69;58m▄[48;2;85;86;77m[38;2;81;82;70m▄[48;2;129;127;113m[38;2;91;93;80m▄[48;2;149;143;127m[38;2;124;121;105m▄[48;2;118;116;100m[38;2;128;127;112m▄[48;2;120;114;94m[38;2;71;69;56m▄[48;2;124;120;102m[38;2;95;88;69m▄[48;2;64;63;50m[38;2;91;81;60m▄[48;2;55;57;43m[38;2;70;60;44m▄[48;2;40;42;32m[38;2;38;34;25m▄[48;2;63;61;47m[38;2;40;38;27m▄[48;2;137;114;88m[38;2;101;83;60m▄[48;2;147;121;92m[38;2;138;108;77m▄[48;2;146;121;90m[38;2;131;103;69m▄[48;2;139;113;85m[38;2;130;101;68m▄[48;2;133;111;84m[38;2;136;107;74m▄[48;2;141;115;89m[38;2;124;98;67m▄[48;2;135;107;81m[38;2;109;88;56m▄[48;2;136;110;83m[38;2;130;105;75m▄[48;2;128;104;79m[38;2;108;86;58m▄[48;2;134;109;85m[38;2;114;90;62m▄[48;2;143;115;86m[38;2;124;98;68m▄[48;2;134;108;81m[38;2;115;89;60m▄[48;2;133;107;80m[38;2;125;99;69m▄[48;2;132;107;79m[38;2;119;95;67m▄[48;2;131;106;81m[38;2;114;92;64m▄[48;2;131;105;80m[38;2;114;89;60m▄[48;2;139;111;85m[38;2;120;95;65m▄[m
[48;2;112;101;80m[38;2;104;89;61m▄[48;2;126;117;101m[38;2;108;91;69m▄[48;2;137;122;104m[38;2;119;100;73m▄[48;2;140;120;96m[38;2;117;93;61m▄[48;2;121;101;73m[38;2;105;85;50m▄[48;2;110;94;64m[38;2;90;70;43m▄[48;2;110;93;63m[38;2;90;70;50m▄[48;2;112;92;62m[38;2;84;65;45m▄[48;2;110;88;58m[38;2;96;74;48m▄[48;2;103;83;53m[38;2;99;80;49m▄[48;2;100;83;51m[38;2;102;84;48m▄[48;2;95;78;48m[38;2;97;80;46m▄[48;2;111;92;59m[38;2;98;81;48m▄[48;2;107;87;60m[38;2;95;70;49m▄[48;2;92;75;45m[38;2;91;70;47m▄[48;2;90;75;45m[38;2;83;65;41m▄[48;2;93;77;45m[38;2;73;58;34m▄[48;2;115;94;63m[38;2;82;67;39m▄[48;2;98;83;57m[38;2;92;74;41m▄[48;2;106;88;62m[38;2;98;81;49m▄[48;2;86;69;40m[38;2;74;61;29m▄[48;2;90;73;42m[38;2;87;73;38m▄[48;2;89;72;42m[38;2;91;78;44m▄[48;2;87;72;44m[38;2;80;69;41m▄[48;2;89;72;47m[38;2;91;75;50m▄[48;2;99;81;54m[38;2;103;87;57m▄[48;2;88;73;46m[38;2;95;79;47m▄[48;2;91;75;44m[38;2;82;70;36m▄[48;2;97;83;55m[38;2;101;82;47m▄[48;2;99;80;52m[38;2;106;80;47m▄[48;2;84;64;41m[38;2;83;64;37m▄[48;2;83;68;44m[38;2;62;48;24m▄[48;2;66;62;44m[38;2;71;56;30m▄[48;2;71;65;47m[38;2;81;65;41m▄[48;2;87;85;69m[38;2;81;67;41m▄[48;2;107;104;86m[38;2;78;67;42m▄[48;2;109;105;89m[38;2;103;84;57m▄[48;2;87;80;64m[38;2;102;83;58m▄[48;2;115;95;71m[38;2;109;88;59m▄[48;2;112;87;60m[38;2;92;67;38m▄[48;2;104;80;51m[38;2;83;63;34m▄[48;2;78;61;38m[38;2;84;68;37m▄[48;2;87;67;41m[38;2;80;66;35m▄[48;2;97;75;47m[38;2;62;51;23m▄[48;2;94;71;43m[38;2;65;52;25m▄[48;2;98;74;47m[38;2;72;54;31m▄[48;2;93;69;44m[38;2;59;44;24m▄[48;2;112;86;56m[38;2;67;50;28m▄[48;2;110;85;55m[38;2;87;62;35m▄[48;2;100;81;50m[38;2;94;68;39m▄[48;2;120;98;64m[38;2;118;95;59m▄[48;2;112;91;60m[38;2;112;90;55m▄[48;2;99;79;51m[38;2;97;74;42m▄[48;2;104;81;51m[38;2;99;80;45m▄[48;2;109;86;56m[38;2;102;91;53m▄[48;2;102;81;52m[38;2;84;78;46m▄[48;2;112;91;58m[38;2;98;84;53m▄[48;2;98;78;51m[38;2;79;65;39m▄[48;2;107;87;55m[38;2;67;54;33m▄[48;2;113;92;61m[38;2;75;59;37m▄[m
[48;2;104;79;55m[38;2;114;82;57m▄[48;2;103;79;53m[38;2;110;78;55m▄[48;2;95;69;47m[38;2;110;79;54m▄[48;2;88;64;44m[38;2;108;76;54m▄[48;2;96;69;47m[38;2;117;85;58m▄[48;2;94;68;47m[38;2;116;84;57m▄[48;2;98;72;48m[38;2;116;85;55m▄[48;2;111;83;54m[38;2;121;90;58m▄[48;2;114;84;55m[38;2;122;90;60m▄[48;2;109;82;54m[38;2;127;96;63m▄[48;2;111;79;51m[38;2;115;83;52m▄[48;2;103;75;49m[38;2;110;78;51m▄[48;2;90;67;46m[38;2;104;75;50m▄[48;2;91;67;45m[38;2;106;76;53m▄[48;2;88;66;43m[38;2;102;75;52m▄[48;2;85;64;42m[38;2;108;81;58m▄[48;2;81;62;39m[38;2;110;81;53m▄[48;2;96;75;48m[38;2;125;92;64m▄[48;2;92;70;43m[38;2;101;74;50m▄[48;2;96;75;48m[38;2;80;60;41m▄[48;2;99;76;49m[38;2;67;51;34m▄[48;2;105;81;53m[38;2;72;53;35m▄[48;2;112;86;57m[38;2;76;60;41m▄[48;2;115;87;63m[38;2;92;70;50m▄[48;2;110;85;61m[38;2;100;74;53m▄[48;2;113;87;62m[38;2;80;60;44m▄[48;2;111;85;57m[38;2;83;64;46m▄[48;2;102;76;51m[38;2;82;59;43m▄[48;2;112;83;56m[38;2;102;74;52m▄[48;2;109;80;53m[38;2;98;74;51m▄[48;2;105;81;52m[38;2;98;74;55m▄[48;2;90;71;42m[38;2;94;74;54m▄[48;2;95;77;43m[38;2;127;100;68m▄[48;2;110;86;55m[38;2;123;96;64m▄[48;2;89;71;41m[38;2;114;91;54m▄[48;2;97;79;46m[38;2;123;100;61m▄[48;2;118;95;60m[38;2;97;80;42m▄[48;2;100;78;44m[38;2;99;79;48m▄[48;2;95;72;44m[38;2;98;74;48m▄[48;2;85;64;37m[38;2;99;75;48m▄[48;2;79;62;33m[38;2;94;72;47m▄[48;2;76;63;36m[38;2;104;81;52m▄[48;2;71;61;31m[38;2;102;81;51m▄[48;2;66;57;28m[38;2;104;85;50m▄[48;2;72;60;32m[38;2;117;93;58m▄[48;2;71;57;31m[38;2;116;89;55m▄[48;2;64;49;26m[38;2;101;77;51m▄[48;2;70;53;30m[38;2;103;79;50m▄[48;2;71;52;29m[38;2;97;74;45m▄[48;2;86;62;32m[38;2;93;71;41m▄[48;2;112;85;51m[38;2;100;76;46m▄[48;2;106;83;49m[38;2;105;82;45m▄[48;2;87;66;36m[38;2;99;76;40m▄[48;2;96;75;40m[38;2;105;81;47m▄[48;2;119;97;54m[38;2;102;81;47m▄[48;2;129;116;67m[38;2;112;93;54m▄[48;2;113;96;58m[38;2;102;83;49m▄[48;2;67;56;31m[38;2;79;65;37m▄[48;2;43;34;18m[38;2;62;49;26m▄[48;2;59;45;26m[38;2;92;71;42m▄[m
[48;2;123;89;64m[38;2;93;64;46m▄[48;2;113;84;56m[38;2;102;73;54m▄[48;2;123;91;59m[38;2;103;74;51m▄[48;2;128;96;60m[38;2;119;88;59m▄[48;2;123;92;56m[38;2;116;90;57m▄[48;2;133;99;64m[38;2;116;89;61m▄[48;2;123;88;57m[38;2;101;74;50m▄[48;2;130;99;63m[38;2;101;72;48m▄[48;2;120;90;59m[38;2;115;82;54m▄[48;2;118;88;58m[38;2;116;86;58m▄[48;2;123;90;62m[38;2;120;86;60m▄[48;2;107;77;54m[38;2;123;87;59m▄[48;2;104;77;54m[38;2;117;85;56m▄[48;2;90;68;46m[38;2;109;78;53m▄[48;2;96;71;50m[38;2;111;81;56m▄[48;2;105;77;55m[38;2;93;71;51m▄[48;2;98;71;48m[38;2;88;66;47m▄[48;2;87;65;45m[38;2;89;66;47m▄[48;2;52;37;23m[38;2;72;52;34m▄[48;2;34;25;14m[38;2;99;72;52m▄[48;2;58;44;30m[38;2;92;68;48m▄[48;2;64;49;33m[38;2;85;64;45m▄[48;2;64;50;34m[38;2;90;69;48m▄[48;2;82;64;44m[38;2;93;69;48m▄[48;2;78;57;39m[38;2;103;74;54m▄[48;2;91;65;45m[38;2;104;75;55m▄[48;2;97;72;53m[38;2;100;73;51m▄[48;2;108;81;59m[38;2;105;75;50m▄[48;2;110;83;61m[38;2;107;77;52m▄[48;2;116;86;65m[38;2;103;74;51m▄[48;2;105;81;60m[38;2;98;68;47m▄[48;2;92;74;52m[38;2;109;77;55m▄[48;2;107;84;63m[38;2;106;79;57m▄[48;2;108;83;60m[38;2;105;77;52m▄[48;2;122;94;68m[38;2;116;88;59m▄[48;2;123;94;67m[38;2;113;85;59m▄[48;2;115;88;60m[38;2;111;82;54m▄[48;2;113;87;58m[38;2;115;88;58m▄[48;2;120;92;61m[38;2;119;91;57m▄[48;2;106;79;46m[38;2;107;82;45m▄[48;2;103;74;48m[38;2;117;89;56m▄[48;2;120;90;62m[38;2;120;90;56m▄[48;2;132;103;72m[38;2;127;98;69m▄[48;2;138;110;74m[38;2;131;103;71m▄[48;2;135;105;69m[38;2;140;109;72m▄[48;2;130;100;62m[38;2;141;111;72m▄[48;2;129;102;66m[38;2;142;114;72m▄[48;2;138;110;72m[38;2;134;107;64m▄[48;2;125;97;64m[38;2;100;81;46m▄[48;2;136;107;71m[38;2;91;69;42m▄[48;2;128;100;64m[38;2;108;81;53m▄[48;2;118;94;55m[38;2;108;83;53m▄[48;2;113;89;53m[38;2;99;77;51m▄[48;2;121;93;60m[38;2;107;79;55m▄[48;2;108;80;52m[38;2;94;69;46m▄[48;2;108;84;55m[38;2;89;66;45m▄[48;2;94;71;47m[38;2;94;68;47m▄[48;2;94;71;46m[38;2;90;67;46m▄[48;2;108;87;50m[38;2;101;77;50m▄[48;2;95;72;42m[38;2;106;81;53m▄[m
[48;2;84;60;41m[38;2;74;55;35m▄[48;2;73;51;34m[38;2;67;49;31m▄[48;2;100;70;49m[38;2;70;50;32m▄[48;2;100;70;49m[38;2;79;55;36m▄[48;2;104;74;50m[38;2;96;67;44m▄[48;2;114;83;57m[38;2;90;66;42m▄[48;2;100;73;49m[38;2;106;83;56m▄[48;2;96;70;41m[38;2;97;75;51m▄[48;2;81;59;34m[38;2;87;66;44m▄[48;2;91;68;43m[38;2;93;70;45m▄[48;2;96;70;43m[38;2;92;70;42m▄[48;2;114;83;51m[38;2;104;77;47m▄[48;2;114;83;52m[38;2;110;82;55m▄[48;2;101;75;50m[38;2;96;74;53m▄[48;2;73;57;38m[38;2;67;52;37m▄[48;2;79;63;46m[38;2;89;66;46m▄[48;2;76;59;42m[38;2;94;66;46m▄[48;2;102;74;51m[38;2;92;68;48m▄[48;2;85;68;49m[38;2;74;60;40m▄[48;2;77;65;45m[38;2;49;39;25m▄[48;2;99;75;55m[38;2;89;72;51m▄[48;2;102;81;60m[38;2;89;72;51m▄[48;2;99;76;55m[38;2;99;78;55m▄[48;2;95;69;50m[38;2;101;77;54m▄[48;2;104;77;54m[38;2;106;81;54m▄[48;2;97;73;50m[38;2;106;84;54m▄[48;2;100;75;53m[38;2;115;88;61m▄[48;2;108;82;59m[38;2;106;81;57m▄[48;2;111;82;57m[38;2;111;83;57m▄[48;2;93;69;46m[38;2;104;81;54m▄[48;2;94;68;45m[38;2;90;68;43m▄[48;2;103;74;50m[38;2;92;67;42m▄[48;2;101;72;49m[38;2;87;66;40m▄[48;2;114;87;58m[38;2;99;76;49m▄[48;2;109;86;50m[38;2;108;86;50m▄[48;2;103;79;43m[38;2;108;85;46m▄[48;2;105;78;48m[38;2;113;86;52m▄[48;2;123;95;62m[38;2;105;82;49m▄[48;2;125;96;61m[38;2;122;95;60m▄[48;2;109;84;47m[38;2;125;98;61m▄[48;2;113;85;47m[38;2;116;90;52m▄[48;2;118;91;49m[38;2;115;90;50m▄[48;2;137;108;70m[38;2;118;91;50m▄[48;2;134;105;67m[38;2;116;86;51m▄[48;2;139;108;68m[38;2;106;78;39m▄[48;2;144;111;70m[38;2;116;88;47m▄[48;2;158;127;84m[38;2;130;103;61m▄[48;2;141;112;72m[38;2;134;106;65m▄[48;2;125;100;63m[38;2;140;111;68m▄[48;2;73;55;32m[38;2;132;103;64m▄[48;2;90;67;42m[38;2;123;95;57m▄[48;2;113;89;61m[38;2;129;104;65m▄[48;2;113;89;59m[38;2;152;122;79m▄[48;2;119;91;61m[38;2;134;106;68m▄[48;2;132;104;67m[38;2;129;100;64m▄[48;2;122;96;62m[38;2;122;93;58m▄[48;2;92;71;44m[38;2;125;94;59m▄[48;2;111;84;53m[38;2;126;94;62m▄[48;2;132;102;69m[38;2;108;78;52m▄[48;2;138;106;73m[38;2;104;79;54m▄[m
[48;2;81;63;40m[38;2;102;79;57m▄[48;2;69;50;31m[38;2;94;70;50m▄[48;2;86;62;41m[38;2;95;68;47m▄[48;2;96;66;45m[38;2;98;70;48m▄[48;2;100;67;45m[38;2;120;85;65m▄[48;2;97;66;43m[38;2;106;72;52m▄[48;2;105;78;51m[38;2;109;77;54m▄[48;2;112;82;52m[38;2;113;81;57m▄[48;2;101;71;47m[38;2;113;79;52m▄[48;2;105;72;44m[38;2;113;77;51m▄[48;2;109;76;49m[38;2;118;81;54m▄[48;2;103;76;50m[38;2;92;63;38m▄[48;2;95;72;52m[38;2;82;59;37m▄[48;2;94;69;48m[38;2;83;60;38m▄[48;2;88;64;43m[38;2;100;77;49m▄[48;2;83;62;42m[38;2;79;58;39m▄[48;2;54;38;25m[38;2;81;61;43m▄[48;2;69;51;34m[38;2;70;51;31m▄[48;2;74;56;37m[38;2;72;54;32m▄[48;2;85;68;45m[38;2;83;66;44m▄[48;2;84;68;46m[38;2;99;79;53m▄[48;2;83;65;42m[38;2;97;73;45m▄[48;2;103;80;54m[38;2;101;75;45m▄[48;2;96;72;48m[38;2;97;72;44m▄[48;2;99;75;47m[38;2;109;82;49m▄[48;2;101;77;48m[38;2;104;79;49m▄[48;2;110;82;52m[38;2;114;85;53m▄[48;2;119;91;62m[38;2;117;91;62m▄[48;2;106;80;54m[38;2;109;82;53m▄[48;2;114;87;59m[38;2;107;79;51m▄[48;2;106;80;52m[38;2;110;82;53m▄[48;2;110;81;47m[38;2;111;83;48m▄[48;2;100;74;46m[38;2;101;73;44m▄[48;2;95;72;43m[38;2;109;80;49m▄[48;2;106;80;47m[38;2;107;82;46m▄[48;2;116;92;52m[38;2;110;87;49m▄[48;2;124;98;62m[38;2;132;108;69m▄[48;2;124;99;62m[38;2;132;107;70m▄[48;2;127;103;64m[38;2;150;124;82m▄[48;2;139;112;72m[38;2;144;115;73m▄[48;2;115;89;53m[38;2;156;124;79m▄[48;2;120;95;57m[38;2;148;118;75m▄[48;2;120;96;56m[38;2;128;103;61m▄[48;2;120;90;54m[38;2;123;97;56m▄[48;2;94;71;34m[38;2;86;68;36m▄[48;2;96;74;34m[38;2;90;72;36m▄[48;2;89;69;35m[38;2;120;98;59m▄[48;2;97;78;42m[38;2;112;91;54m▄[48;2;107;88;50m[38;2;106;87;51m▄[48;2;124;100;58m[38;2;114;87;55m▄[48;2;104;80;41m[38;2;106;81;50m▄[48;2;126;102;61m[38;2;121;91;60m▄[48;2;142;115;74m[38;2;126;102;61m▄[48;2;131;104;60m[38;2;106;81;47m▄[48;2;119;96;51m[38;2;100;72;45m▄[48;2;96;69;31m[38;2;92;66;41m▄[48;2;94;71;33m[38;2;86;62;42m▄[48;2;80;57;35m[38;2;78;53;38m▄[48;2;62;43;28m[38;2;87;60;41m▄[48;2;70;50;33m[38;2;68;49;34m▄[m
[0;38;2;90;65;48m▀[0;38;2;93;66;48m▀[0;38;2;97;70;52m▀[0;38;2;101;74;54m▀[0;38;2;85;60;44m▀[0;38;2;82;55;39m▀[0;38;2;79;56;39m▀[0;38;2;104;71;50m▀[0;38;2;119;82;58m▀[0;38;2;115;78;50m▀[0;38;2;107;70;45m▀[0;38;2;107;72;46m▀[0;38;2;89;62;38m▀[0;38;2;86;60;37m▀[0;38;2;95;69;44m▀[0;38;2;79;59;38m▀[0;38;2;75;56;39m▀[0;38;2;78;59;39m▀[0;38;2;94;72;43m▀[0;38;2;102;77;50m▀[0;38;2;109;80;50m▀[0;38;2;106;78;47m▀[0;38;2;102;76;43m▀[0;38;2;104;78;46m▀[0;38;2;87;66;33m▀[0;38;2;90;72;36m▀[0;38;2;107;80;45m▀[0;38;2;121;93;58m▀[0;38;2;117;88;55m▀[0;38;2;103;78;49m▀[0;38;2;91;65;39m▀[0;38;2;97;72;39m▀[0;38;2;106;75;44m▀[0;38;2;105;76;43m▀[0;38;2;114;86;50m▀[0;38;2;117;89;56m▀[0;38;2;124;98;63m▀[0;38;2;119;92;59m▀[0;38;2;125;99;64m▀[0;38;2;113;86;56m▀[0;38;2;139;108;65m▀[0;38;2;149;117;75m▀[0;38;2;121;94;55m▀[0;38;2;109;88;42m▀[0;38;2;112;90;49m▀[0;38;2;94;77;40m▀[0;38;2;123;102;62m▀[0;38;2;120;94;62m▀[0;38;2;109;82;57m▀[0;38;2;95;67;46m▀[0;38;2;98;69;48m▀[0;38;2;84;54;37m▀[0;38;2;92;64;44m▀[0;38;2;91;64;44m▀[0;38;2;79;56;39m▀[0;38;2;89;64;43m▀[0;38;2;75;54;34m▀[0;38;2;77;55;38m▀[0;38;2;82;58;40m▀[0;38;2;75;53;35m▀[m
[?25h