[s[?25l[48;2;41;41;48m[38;2;100;108;116m▄[48;2;117;128;141m[38;2;120;140;151m▄[48;2;128;143;155m[38;2;95;99;110m▄[48;2;101;105;114m[38;2;72;76;80m▄[48;2;72;76;80m[38;2;119;134;148m▄[48;2;121;137;147m[38;2;70;75;80m▄[48;2;134;147;155m[38;2;41;44;47m▄[48;2;77;81;84m[38;2;7;6;6m▄[48;2;66;69;74m[38;2;18;20;20m▄[48;2;85;88;92m[38;2;39;42;43m▄[48;2;67;71;73m[38;2;73;79;85m▄[48;2;25;27;29m[38;2;99;110;118m▄[48;2;69;72;76m[38;2;113;124;134m▄[48;2;51;55;57m[38;2;113;125;133m▄[48;2;64;66;68m[38;2;108;118;126m▄[48;2;51;53;55m[38;2;115;126;134m▄[48;2;67;69;74m[38;2;109;118;128m▄[48;2;68;72;79m[38;2;92;101;108m▄[48;2;87;92;98m[38;2;86;97;104m▄[48;2;88;93;99m[38;2;85;92;96m▄[48;2;97;101;107m[38;2;74;81;85m▄[48;2;111;118;125m[38;2;27;32;35m▄[48;2;118;126;134m[38;2;22;24;26m▄[48;2;130;142;151m[38;2;75;79;82m▄[48;2;137;154;168m[38;2;62;68;71m▄[48;2;135;151;160m[38;2;110;121;128m▄[48;2;136;150;159m[38;2;134;147;156m▄[48;2;130;147;159m[38;2;130;146;153m▄[48;2;122;137;148m[38;2;123;141;151m▄[48;2;130;140;151m[38;2;119;138;146m▄[48;2;52;57;60m[38;2;99;105;109m▄[48;2;109;125;128m[38;2;13;12;12m▄[48;2;120;138;147m[38;2;63;68;72m▄[48;2;94;105;112m[38;2;124;134;144m▄[48;2;44;48;50m[38;2;106;114;122m▄[48;2;70;78;83m[38;2;23;23;29m▄[48;2;112;129;149m[38;2;104;117;124m▄[48;2;35;37;42m[38;2;113;127;133m▄[48;2;73;79;84m[38;2;45;49;52m▄[48;2;115;132;142m[38;2;135;150;162m▄[48;2;122;141;153m[38;2;124;143;150m▄[48;2;127;146;155m[38;2;127;142;157m▄[48;2;134;150;159m[38;2;129;143;152m▄[48;2;130;145;154m[38;2;124;137;143m▄[48;2;126;143;150m[38;2;132;147;154m▄[48;2;122;140;147m[38;2;129;146;151m▄[48;2;121;138;146m[38;2;124;141;146m▄[48;2;124;141;148m[38;2;124;141;150m▄[48;2;127;144;154m[38;2;126;143;153m▄[48;2;128;146;155m[38;2;121;139;149m▄[48;2;120;138;145m[38;2;122;140;149m▄[48;2;120;137;145m[38;2;117;134;143m▄[48;2;124;141;149m[38;2;120;137;144m▄[48;2;119;133;142m[38;2;126;141;148m▄[48;2;108;121;130m[38;2;121;134;142m▄[48;2;108;120;135m[38;2;119;132;141m▄[48;2;139;150;160m[38;2;51;59;61m▄[48;2;137;149;162m[38;2;88;92;102m▄[48;2;150;164;174m[38;2;148;155;165m▄[48;2;151;158;164m[38;2;160;165;175m▄[m
[48;2;128;144;156m[38;2;111;116;120m▄[48;2;115;125;132m[38;2;31;34;38m▄[48;2;56;59;60m[38;2;128;142;155m▄[48;2;138;153;164m[38;2;93;107;109m▄[48;2;107;114;121m[38;2;82;82;90m▄[48;2;16;21;22m[38;2;39;44;48m▄[48;2;93;100;105m[38;2;136;150;163m▄[48;2;128;139;148m[38;2;138;150;160m▄[48;2;134;150;164m[38;2;57;62;65m▄[48;2;130;147;158m[38;2;49;54;55m▄[48;2;139;156;163m[38;2;50;55;57m▄[48;2;147;158;166m[38;2;73;77;81m▄[48;2;124;133;140m[38;2;86;87;93m▄[48;2;138;144;153m[38;2;68;76;79m▄[48;2;132;139;149m[38;2;84;92;98m▄[48;2;113;123;131m[38;2;72;77;81m▄[48;2;136;147;155m[38;2;57;59;63m▄[48;2;138;149;160m[38;2;35;38;42m▄[48;2;138;150;161m[38;2;72;77;80m▄[48;2;139;151;161m[38;2;32;36;41m▄[48;2;130;143;153m[38;2;76;83;89m▄[48;2;133;149;159m[38;2;55;59;66m▄[48;2;138;151;161m[38;2;91;96;104m▄[48;2;126;134;141m[38;2;106;119;127m▄[48;2;94;104;110m[38;2;127;143;152m▄[48;2;108;115;121m[38;2;133;148;159m▄[48;2;63;68;73m[38;2;136;150;161m▄[48;2;64;69;74m[38;2;101;111;120m▄[48;2;107;120;129m[38;2;62;68;71m▄[48;2;117;135;145m[38;2;64;66;71m▄[48;2;121;137;150m[38;2;130;145;152m▄[48;2;123;137;148m[38;2;125;143;152m▄[48;2;109;122;122m[38;2;122;137;147m▄[48;2;52;50;54m[38;2;114;131;137m▄[48;2;124;136;148m[38;2;26;25;28m▄[48;2;122;138;145m[38;2;116;126;129m▄[48;2;51;55;54m[38;2;125;140;150m▄[48;2;118;132;141m[38;2;48;49;56m▄[48;2;82;90;102m[38;2;130;147;155m▄[48;2;67;72;73m[38;2;77;85;89m▄[48;2;54;61;67m[38;2;85;93;97m▄[48;2;52;55;55m[38;2;121;136;146m▄[48;2;17;18;22m[38;2;123;139;148m▄[48;2;51;57;61m[38;2;121;133;143m▄[48;2;62;63;66m[38;2;120;134;141m▄[48;2;63;66;69m[38;2;104;117;124m▄[48;2;52;59;62m[38;2;115;132;140m▄[48;2;54;60;66m[38;2;109;120;123m▄[48;2;101;111;118m[38;2;52;58;62m▄[48;2;90;101;108m[38;2;88;96;101m▄[48;2;117;123;131m[38;2;53;56;57m▄[48;2;118;136;146m[38;2;40;45;49m▄[48;2;112;131;138m[38;2;94;106;112m▄[48;2;117;133;139m[38;2;125;143;154m▄[48;2;123;140;147m[38;2;129;143;152m▄[48;2;132;145;151m[38;2;134;147;154m▄[48;2;56;63;67m[38;2;77;83;87m▄[48;2;37;37;38m[38;2;20;22;23m▄[48;2;126;135;144m[38;2;123;136;144m▄[48;2;147;157;166m[38;2;115;129;137m▄[m
[48;2;60;66;69m[38;2;45;47;50m▄[48;2;99;105;113m[38;2;140;158;166m▄[48;2;143;162;172m[38;2;99;102;106m▄[48;2;60;60;61m[38;2;54;64;69m▄[48;2;63;69;77m[38;2;133;146;157m▄[48;2;151;162;165m[38;2;135;142;149m▄[48;2;134;146;154m[38;2;34;34;38m▄[48;2;59;58;61m[38;2;84;91;96m▄[48;2;7;4;4m[38;2;134;148;154m▄[48;2;16;17;19m[38;2;133;146;153m▄[48;2;90;97;102m[38;2;138;148;158m▄[48;2;86;96;102m[38;2;140;150;161m▄[48;2;125;137;144m[38;2;148;159;168m▄[48;2;128;141;149m[38;2;150;159;169m▄[48;2;136;145;154m[38;2;151;159;169m▄[48;2;133;147;155m[38;2;151;163;172m▄[48;2;133;142;150m[38;2;149;158;167m▄[48;2;126;135;143m[38;2;149;158;167m▄[48;2;134;145;153m[38;2;148;159;168m▄[48;2;108;114;122m[38;2;149;160;170m▄[48;2;131;140;150m[38;2;145;158;169m▄[48;2;120;128;133m[38;2;142;156;168m▄[48;2;89;97;99m[38;2;147;158;171m▄[48;2;92;96;99m[38;2;144;157;170m▄[48;2;113;119;121m[38;2;140;154;164m▄[48;2;111;123;130m[38;2;119;128;132m▄[48;2;123;136;145m[38;2;105;110;115m▄[48;2;124;138;146m[38;2;110;113;115m▄[48;2;119;137;143m[38;2;122;136;142m▄[48;2;80;91;93m[38;2;135;147;154m▄[48;2;76;86;90m[38;2;105;117;124m▄[48;2;122;128;133m[38;2;94;100;107m▄[48;2;135;150;157m[38;2;106;115;123m▄[48;2;128;141;152m[38;2;127;143;151m▄[48;2;77;83;92m[38;2;121;133;142m▄[48;2;92;96;100m[38;2;111;119;128m▄[48;2;128;142;151m[38;2;96;104;115m▄[48;2;128;143;150m[38;2;132;144;156m▄[48;2;73;83;91m[38;2;118;129;138m▄[48;2;135;151;160m[38;2;55;61;63m▄[48;2;123;140;149m[38;2;74;79;80m▄[48;2;129;145;158m[38;2;76;80;82m▄[48;2;128;145;154m[38;2;79;82;86m▄[48;2;142;156;164m[38;2;71;77;81m▄[48;2;135;152;161m[38;2;84;89;96m▄[48;2;133;149;160m[38;2;123;135;141m▄[48;2;126;139;154m[38;2;109;118;126m▄[48;2;133;144;152m[38;2;127;141;150m▄[48;2;130;146;154m[38;2;131;146;158m▄[48;2;126;139;151m[38;2;131;149;159m▄[48;2;97;108;113m[38;2;131;147;157m▄[48;2;58;62;65m[38;2;126;138;146m▄[48;2;77;78;79m[38;2;95;105;112m▄[48;2;73;79;84m[38;2;51;56;60m▄[48;2;119;133;142m[38;2;32;32;35m▄[48;2;131;149;160m[38;2;74;85;88m▄[48;2;66;67;70m[38;2;4;7;8m▄[48;2;28;32;33m[38;2;70;75;73m▄[48;2;119;136;143m[38;2;126;141;148m▄[48;2;119;138;145m[38;2;125;142;150m▄[m
[48;2;96;104;106m[38;2;132;149;161m▄[48;2;138;150;159m[38;2;103;114;119m▄[48;2;45;49;52m[38;2;67;73;77m▄[48;2;140;154;163m[38;2;149;160;175m▄[48;2;156;164;174m[38;2;137;147;157m▄[48;2;145;152;162m[38;2;140;152;161m▄[48;2;145;155;162m[38;2;135;144;153m▄[48;2;135;148;165m[38;2;116;125;129m▄[48;2;147;155;165m[38;2;13;13;13m▄[48;2;151;160;165m[38;2;8;8;8m▄[48;2;109;120;124m[38;2;39;41;42m▄[48;2;114;122;122m[38;2;36;41;45m▄[48;2;121;127;130m[38;2;107;113;118m▄[48;2;115;121;126m[38;2;129;137;145m▄[48;2;116;122;127m[38;2;131;141;148m▄[48;2;107;114;119m[38;2;139;147;155m▄[48;2;103;109;114m[38;2;136;144;152m▄[48;2;106;113;117m[38;2;138;146;154m▄[48;2;91;99;103m[38;2;144;152;161m▄[48;2;81;91;94m[38;2;152;159;167m▄[48;2;124;135;141m[38;2;110;118;124m▄[48;2;122;135;142m[38;2;123;128;136m▄[48;2;134;147;155m[38;2;124;126;132m▄[48;2;137;147;160m[38;2;105;108;114m▄[48;2;134;148;158m[38;2;131;140;143m▄[48;2;140;155;163m[38;2;137;147;156m▄[48;2;118;128;136m[38;2;139;151;159m▄[48;2;77;85;90m[38;2;137;147;153m▄[48;2;129;133;139m[38;2;127;138;144m▄[48;2;136;146;153m[38;2;98;105;108m▄[48;2;147;158;166m[38;2;127;136;139m▄[48;2;129;141;149m[38;2;136;147;153m▄[48;2;105;117;122m[38;2;121;131;140m▄[48;2;85;96;101m[38;2;79;83;90m▄[48;2;131;146;155m[38;2;97;103;109m▄[48;2;132;143;150m[38;2;143;159;171m▄[48;2;97;105;109m[38;2;111;120;126m▄[48;2;113;124;132m[38;2;47;53;58m▄[48;2;146;159;164m[38;2;138;150;158m▄[48;2;123;133;143m[38;2;135;153;157m▄[48;2;124;135;146m[38;2;128;145;152m▄[48;2;126;137;149m[38;2;138;155;162m▄[48;2;98;105;113m[38;2;142;156;166m▄[48;2;112;118;123m[38;2;144;159;169m▄[48;2;125;129;133m[38;2;139;155;162m▄[48;2;88;93;98m[38;2;143;160;167m▄[48;2;94;98;104m[38;2;139;155;162m▄[48;2;92;99;105m[38;2;132;146;154m▄[48;2;81;85;89m[38;2;92;103;110m▄[48;2;82;90;95m[38;2;110;117;122m▄[48;2;124;135;143m[38;2;58;60;64m▄[48;2;127;146;156m[38;2;31;37;40m▄[48;2;128;151;164m[38;2;79;86;92m▄[48;2;125;135;144m[38;2;132;152;162m▄[48;2;75;81;81m[38;2;136;151;164m▄[48;2;50;51;53m[38;2;58;66;71m▄[48;2;10;11;15m[38;2;105;111;118m▄[48;2;132;144;154m[38;2;119;137;144m▄[48;2;127;143;149m[38;2;112;125;127m▄[48;2;125;141;149m[38;2;98;106;108m▄[m
[48;2;146;160;171m[38;2;135;143;153m▄[48;2;79;89;92m[38;2;64;65;71m▄[48;2;144;149;157m[38;2;164;170;181m▄[48;2;149;162;171m[38;2;158;169;178m▄[48;2;129;138;148m[38;2;107;110;118m▄[48;2;46;54;55m[38;2;111;121;128m▄[48;2;100;104;113m[38;2;73;76;78m▄[48;2;45;43;42m[38;2;64;67;72m▄[48;2;8;7;7m[38;2;118;129;137m▄[48;2;45;49;51m[38;2;148;158;168m▄[48;2;132;144;148m[38;2;152;158;170m▄[48;2;143;155;167m[38;2;140;149;151m▄[48;2;153;165;172m[38;2;135;144;151m▄[48;2;153;165;170m[38;2;125;136;142m▄[48;2;147;160;164m[38;2;136;147;154m▄[48;2;130;140;146m[38;2;89;98;105m▄[48;2;128;138;145m[38;2;118;127;135m▄[48;2;127;138;145m[38;2;110;119;128m▄[48;2;140;150;157m[38;2;95;103;113m▄[48;2;136;148;161m[38;2;96;104;107m▄[48;2;127;144;151m[38;2;138;147;153m▄[48;2;130;147;155m[38;2;149;159;165m▄[48;2;140;154;162m[38;2;140;156;163m▄[48;2;132;142;147m[38;2;134;149;159m▄[48;2;99;103;109m[38;2;120;131;142m▄[48;2;138;143;152m[38;2;116;128;136m▄[48;2;138;149;158m[38;2;136;143;151m▄[48;2;138;151;156m[38;2;102;107;114m▄[48;2;136;148;156m[38;2;144;151;162m▄[48;2;129;140;148m[38;2;143;156;164m▄[48;2;110;119;126m[38;2;130;142;149m▄[48;2;122;126;135m[38;2;79;85;88m▄[48;2;133;151;158m[38;2;143;154;165m▄[48;2;116;126;131m[38;2;148;156;165m▄[48;2;102;112;117m[38;2;82;88;95m▄[48;2;136;144;150m[38;2;104;109;115m▄[48;2;146;157;166m[38;2;148;161;173m▄[48;2;95;103;109m[38;2;130;139;145m▄[48;2;75;85;94m[38;2;50;53;55m▄[48;2;76;81;85m[38;2;12;13;13m▄[48;2;63;67;72m[38;2;77;80;83m▄[48;2;84;90;97m[38;2;57;62;67m▄[48;2;116;124;130m[38;2;57;63;67m▄[48;2;120;130;136m[38;2;112;119;122m▄[48;2;131;144;152m[38;2;107;115;119m▄[48;2;123;138;147m[38;2;96;105;111m▄[48;2;124;139;148m[38;2;108;117;123m▄[48;2;125;140;150m[38;2;113;125;129m▄[48;2;129;143;152m[38;2;128;145;150m▄[48;2;135;150;158m[38;2;126;143;148m▄[48;2;137;150;156m[38;2;119;138;143m▄[48;2;105;112;117m[38;2;138;150;156m▄[48;2;70;74;76m[38;2;93;102;107m▄[48;2;47;49;50m[38;2;77;83;85m▄[48;2;114;126;128m[38;2;43;47;50m▄[48;2;129;145;155m[38;2;104;119;124m▄[48;2;135;153;160m[38;2;101;112;118m▄[48;2;123;132;137m[38;2;10;15;17m▄[48;2;77;82;86m[38;2;30;30;32m▄[48;2;40;46;51m[38;2;118;132;138m▄[m
[48;2;107;117;123m[38;2;111;120;126m▄[48;2;61;62;69m[38;2;92;96;103m▄[48;2;162;173;187m[38;2;138;151;162m▄[48;2;141;148;157m[38;2;96;101;109m▄[48;2;76;79;83m[38;2;120;126;135m▄[48;2;162;170;183m[38;2;151;161;164m▄[48;2;69;77;80m[38;2;140;148;157m▄[48;2;141;153;162m[38;2;121;127;130m▄[48;2;156;163;171m[38;2;8;8;11m▄[48;2;99;104;108m[38;2;38;41;41m▄[48;2;39;37;40m[38;2;129;138;146m▄[48;2;70;70;77m[38;2;141;150;157m▄[48;2;91;99;100m[38;2;125;128;135m▄[48;2;122;132;139m[38;2;125;129;132m▄[48;2;136;148;156m[38;2;76;82;85m▄[48;2;149;158;166m[38;2;119;124;129m▄[48;2;152;162;170m[38;2;128;135;140m▄[48;2;148;157;166m[38;2;101;110;117m▄[48;2;154;162;171m[38;2;118;127;134m▄[48;2;152;164;169m[38;2;135;144;151m▄[48;2;139;149;153m[38;2;137;149;156m▄[48;2;141;148;155m[38;2;139;148;157m▄[48;2;114;117;126m[38;2;119;127;135m▄[48;2;156;164;174m[38;2;113;121;129m▄[48;2;142;154;164m[38;2;137;146;155m▄[48;2;135;148;159m[38;2;146;159;168m▄[48;2;107;116;125m[38;2;147;159;168m▄[48;2;121;129;137m[38;2;136;146;152m▄[48;2;101;108;118m[38;2;95;103;107m▄[48;2;150;159;170m[38;2;93;97;101m▄[48;2;141;153;162m[38;2;143;156;165m▄[48;2;97;103;109m[38;2;138;146;157m▄[48;2;63;66;73m[38;2;99;101;105m▄[48;2;151;163;172m[38;2;146;156;164m▄[48;2;139;149;157m[38;2;141;152;161m▄[48;2;83;89;93m[38;2;73;76;81m▄[48;2;149;164;178m[38;2;143;152;162m▄[48;2;104;110;117m[38;2;148;158;172m▄[48;2;123;131;137m[38;2;143;156;165m▄[48;2;135;149;160m[38;2;135;145;152m▄[48;2;148;160;170m[38;2;109;118;124m▄[48;2;149;163;173m[38;2;134;144;149m▄[48;2;147;162;172m[38;2;129;143;151m▄[48;2;144;157;165m[38;2;104;116;121m▄[48;2;143;155;164m[38;2;125;138;145m▄[48;2;137;149;160m[38;2;138;151;160m▄[48;2;124;136;145m[38;2;137;152;160m▄[48;2;112;123;129m[38;2;135;150;158m▄[48;2;113;122;129m[38;2;138;154;161m▄[48;2;103;109;115m[38;2;133;146;151m▄[48;2;133;144;150m[38;2;132;143;148m▄[48;2;137;150;157m[38;2;118;130;132m▄[48;2;131;143;151m[38;2;54;63;67m▄[48;2;116;128;133m[38;2;127;137;144m▄[48;2;96;104;105m[38;2;112;128;135m▄[48;2;83;81;83m[38;2;51;53;57m▄[48;2;14;15;15m[38;2;104;115;117m▄[48;2;64;69;69m[38;2;128;143;151m▄[48;2;128;141;152m[38;2;64;75;73m▄[48;2;96;109;111m[38;2;73;83;86m▄[m
[48;2;98;102;109m[38;2;58;61;64m▄[48;2;114;119;126m[38;2;147;156;165m▄[48;2;133;146;154m[38;2;115;121;123m▄[48;2;79;82;88m[38;2;75;77;80m▄[48;2;140;154;158m[38;2;143;155;165m▄[48;2;146;155;165m[38;2;123;131;141m▄[48;2;108;113;122m[38;2;66;71;75m▄[48;2;42;44;47m[38;2;94;100;106m▄[48;2;106;111;117m[38;2;153;164;169m▄[48;2;145;153;157m[38;2;51;56;60m▄[48;2;79;88;90m[38;2;3;1;3m▄[48;2;67;75;76m[38;2;21;21;24m▄[48;2;90;93;97m[38;2;114;121;125m▄[48;2;105;108;114m[38;2;138;152;156m▄[48;2;103;110;116m[38;2;151;157;167m▄[48;2;119;129;136m[38;2;150;157;167m▄[48;2;142;151;157m[38;2;157;165;173m▄[48;2;127;135;142m[38;2;157;166;173m▄[48;2;129;138;145m[38;2;159;169;177m▄[48;2;124;132;138m[38;2;146;153;160m▄[48;2;121;131;133m[38;2;135;142;149m▄[48;2;133;142;149m[38;2;114;117;122m▄[48;2;139;153;161m[38;2;96;101;105m▄[48;2;129;139;147m[38;2;146;156;162m▄[48;2;131;141;145m[38;2;140;151;158m▄[48;2;108;116;120m[38;2;133;142;147m▄[48;2;144;150;154m[38;2;83;88;93m▄[48;2;143;157;164m[38;2;108;109;115m▄[48;2;140;150;159m[38;2;143;151;161m▄[48;2;118;127;136m[38;2;127;138;147m▄[48;2;77;83;87m[38;2;113;120;124m▄[48;2;138;155;159m[38;2;142;156;162m▄[48;2;125;136;140m[38;2;136;148;154m▄[48;2;95;102;109m[38;2;76;78;82m▄[48;2;145;158;167m[38;2;134;147;154m▄[48;2;93;99;103m[38;2;129;136;146m▄[48;2;110;114;121m[38;2;45;46;46m▄[48;2;135;146;146m[38;2;57;62;67m▄[48;2;103;112;113m[38;2;107;115;123m▄[48;2;40;40;43m[38;2;109;120;124m▄[48;2;72;75;77m[38;2;131;140;144m▄[48;2;62;67;70m[38;2;136;143;149m▄[48;2;118;129;134m[38;2;152;160;168m▄[48;2;116;128;131m[38;2;143;151;160m▄[48;2;106;115;120m[38;2;111;119;128m▄[48;2;84;90;98m[38;2;112;118;127m▄[48;2;110;119;125m[38;2;123;132;136m▄[48;2;129;140;146m[38;2;126;132;138m▄[48;2;131;145;151m[38;2;137;144;150m▄[48;2;133;148;156m[38;2;141;148;155m▄[48;2;131;146;154m[38;2;132;142;150m▄[48;2;114;130;136m[38;2;136;149;158m▄[48;2;126;134;141m[38;2;128;141;151m▄[48;2;73;79;84m[38;2;129;141;150m▄[48;2;91;99;102m[38;2;90;93;101m▄[48;2;134;146;158m[38;2;69;74;79m▄[48;2;126;140;151m[38;2;37;40;43m▄[48;2;52;58;60m[38;2;88;94;96m▄[48;2;117;127;132m[38;2;128;145;149m▄[48;2;118;133;139m[38;2;97;102;105m▄[m
[48;2;68;72;73m[38;2;132;143;140m▄[48;2;142;153;163m[38;2;144;151;162m▄[48;2;111;118;125m[38;2;103;110;117m▄[48;2;144;151;156m[38;2;160;168;174m▄[48;2;141;153;161m[38;2;141;152;160m▄[48;2;110;116;119m[38;2;98;104;108m▄[48;2;109;115;119m[38;2;164;170;175m▄[48;2;145;155;162m[38;2;150;160;166m▄[48;2;112;120;121m[38;2;106;111;113m▄[48;2;5;4;5m[38;2;37;37;37m▄[48;2;44;49;52m[38;2;181;187;193m▄[48;2;159;167;171m[38;2;152;159;165m▄[48;2;146;155;161m[38;2;160;168;173m▄[48;2;157;168;176m[38;2;129;132;137m▄[48;2;153;160;169m[38;2;168;173;176m▄[48;2;161;167;177m[38;2;159;164;167m▄[48;2;149;156;164m[38;2;131;136;140m▄[48;2;140;150;158m[38;2;138;143;149m▄[48;2;128;140;148m[38;2;157;163;168m▄[48;2;141;153;159m[38;2;136;141;146m▄[48;2;142;154;160m[38;2;149;154;159m▄[48;2;134;141;150m[38;2;169;173;181m▄[48;2;87;92;99m[38;2;149;154;161m▄[48;2;134;141;147m[38;2;132;136;139m▄[48;2;123;131;140m[38;2;110;114;117m▄[48;2;133;146;150m[38;2;126;135;138m▄[48;2;133;144;148m[38;2;136;146;152m▄[48;2;79;86;90m[38;2;126;135;141m▄[48;2;147;156;164m[38;2;98;104;110m▄[48;2;138;151;161m[38;2;144;154;163m▄[48;2;125;135;140m[38;2;142;154;161m▄[48;2;107;117;120m[38;2;88;93;97m▄[48;2;139;153;159m[38;2;143;154;161m▄[48;2;129;138;147m[38;2;120;131;138m▄[48;2;72;76;80m[38;2;82;86;91m▄[48;2;143;153;160m[38;2;136;145;152m▄[48;2;137;146;152m[38;2;144;155;164m▄[48;2;134;145;153m[38;2;149;159;170m▄[48;2;143;156;166m[38;2;151;160;170m▄[48;2;150;164;174m[38;2;139;149;159m▄[48;2;150;162;171m[38;2;113;123;133m▄[48;2;154;167;176m[38;2;122;134;139m▄[48;2;150;161;171m[38;2;116;127;132m▄[48;2;141;151;163m[38;2;115;127;131m▄[48;2;152;164;174m[38;2;121;132;137m▄[48;2;155;167;179m[38;2;133;142;148m▄[48;2;156;171;181m[38;2;137;146;153m▄[48;2;161;168;175m[38;2;142;155;163m▄[48;2;114;122;127m[38;2;137;155;163m▄[48;2;112;120;122m[38;2;152;162;171m▄[48;2;151;157;160m[38;2;127;135;141m▄[48;2;71;78;80m[38;2;116;122;128m▄[48;2;135;143;147m[38;2;110;116;122m▄[48;2;134;147;154m[38;2;107;115;121m▄[48;2;133;150;158m[38;2;140;155;163m▄[48;2;93;100;99m[38;2;96;104;114m▄[48;2;31;33;36m[38;2;52;57;59m▄[48;2;137;154;159m[38;2;143;152;161m▄[48;2;81;89;91m[38;2;70;72;78m▄[48;2;112;118;127m[38;2;146;160;165m▄[m
[48;2;156;166;176m[38;2;149;162;170m▄[48;2;148;155;162m[38;2;130;135;140m▄[48;2;133;141;144m[38;2;159;163;167m▄[48;2;167;176;183m[38;2;171;178;183m▄[48;2;143;154;160m[38;2;157;166;171m▄[48;2;91;98;102m[38;2;127;131;133m▄[48;2;167;177;180m[38;2;164;171;174m▄[48;2;165;172;178m[38;2;164;170;176m▄[48;2;55;58;61m[38;2;112;112;113m▄[48;2;108;107;110m[38;2;178;175;178m▄[48;2;169;176;181m[38;2;172;177;180m▄[48;2;164;171;176m[38;2;183;187;190m▄[48;2;119;125;129m[38;2;148;149;151m▄[48;2;82;82;84m[38;2;46;45;45m▄[48;2;47;51;52m[38;2;165;171;174m▄[48;2;116;122;126m[38;2;180;185;187m▄[48;2;175;179;183m[38;2;181;183;186m▄[48;2;178;181;185m[38;2;175;176;181m▄[48;2;193;193;197m[38;2;151;152;155m▄[48;2;197;195;200m[38;2;164;167;172m▄[48;2;182;181;186m[38;2;177;183;190m▄[48;2;126;125;131m[38;2;159;165;169m▄[48;2;171;177;181m[38;2;105;109;114m▄[48;2;166;175;181m[38;2;186;190;197m▄[48;2;137;146;151m[38;2;130;135;140m▄[48;2;88;90;93m[38;2;141;143;147m▄[48;2;142;145;156m[38;2;90;92;93m▄[48;2;152;163;166m[38;2;158;164;179m▄[48;2;94;98;103m[38;2;106;113;118m▄[48;2;146;151;157m[38;2;92;95;99m▄[48;2;150;163;171m[38;2;149;161;169m▄[48;2;69;72;75m[38;2;61;63;66m▄[48;2;152;159;171m[38;2;165;170;180m▄[48;2;131;141;149m[38;2;137;151;155m▄[48;2;40;44;48m[38;2;101;103;108m▄[48;2;144;154;161m[38;2;104;108;111m▄[48;2;129;139;148m[38;2;69;74;76m▄[48;2;122;131;138m[38;2;61;65;69m▄[48;2;98;104;107m[38;2;143;148;152m▄[48;2;68;74;77m[38;2;165;170;180m▄[48;2;52;56;59m[38;2;173;177;182m▄[48;2;109;113;117m[38;2;186;188;197m▄[48;2;130;137;140m[38;2;183;190;197m▄[48;2;142;144;149m[38;2;188;189;197m▄[48;2;130;132;135m[38;2;185;187;192m▄[48;2;159;158;161m[38;2;175;179;182m▄[48;2;134;138;140m[38;2;162;166;171m▄[48;2;126;129;135m[38;2;91;94;99m▄[48;2;140;150;155m[38;2;108;112;117m▄[48;2;140;153;162m[38;2;133;137;144m▄[48;2;143;156;165m[38;2;149;157;162m▄[48;2;155;169;177m[38;2;145;160;176m▄[48;2;129;139;145m[38;2;159;172;185m▄[48;2;84;88;93m[38;2;157;161;169m▄[48;2;132;143;152m[38;2;118;119;123m▄[48;2;130;141;155m[38;2;162;171;181m▄[48;2;136;146;153m[38;2;149;157;159m▄[48;2;111;113;114m[38;2;72;75;75m▄[48;2;159;168;175m[38;2;146;155;163m▄[48;2;130;138;145m[38;2;82;87;93m▄[m
[48;2;166;174;178m[38;2;159;163;167m▄[48;2;136;140;144m[38;2;139;143;148m▄[48;2;184;187;191m[38;2;189;195;199m▄[48;2;173;178;182m[38;2;174;181;184m▄[48;2;161;169;173m[38;2;165;170;173m▄[48;2;166;170;170m[38;2;128;132;135m▄[48;2;172;177;180m[38;2;167;173;175m▄[48;2;172;177;182m[38;2;168;171;173m▄[48;2;72;70;70m[38;2;18;17;18m▄[48;2;191;187;188m[38;2;181;184;184m▄[48;2;176;179;181m[38;2;182;188;188m▄[48;2;186;186;188m[38;2;143;143;145m▄[48;2;92;91;91m[38;2;48;47;46m▄[48;2;143;143;141m[38;2;182;187;187m▄[48;2;165;172;175m[38;2;162;166;168m▄[48;2;143;147;147m[38;2;138;138;137m▄[48;2;165;166;166m[38;2;59;61;60m▄[48;2;111;110;116m[38;2;115;116;119m▄[48;2;47;47;50m[38;2;162;163;167m▄[48;2;136;137;139m[38;2;114;112;114m▄[48;2;87;90;93m[38;2;170;169;171m▄[48;2;157;168;170m[38;2;193;195;199m▄[48;2;147;150;154m[38;2;148;148;150m▄[48;2;176;175;181m[38;2;139;140;145m▄[48;2;159;164;167m[38;2;165;173;176m▄[48;2;147;148;153m[38;2;117;117;124m▄[48;2;86;87;92m[38;2;79;81;87m▄[48;2;168;175;183m[38;2;163;168;175m▄[48;2;110;117;122m[38;2;129;136;141m▄[48;2;66;68;70m[38;2;89;93;94m▄[48;2;154;164;170m[38;2;153;163;168m▄[48;2;46;48;52m[38;2;74;75;81m▄[48;2;172;178;184m[38;2;173;181;184m▄[48;2;151;159;165m[38;2;143;148;151m▄[48;2;122;128;134m[38;2;50;53;55m▄[48;2;84;84;85m[38;2;124;132;137m▄[48;2;108;114;119m[38;2;171;176;181m▄[48;2;159;168;174m[38;2;200;200;205m▄[48;2;169;174;185m[38;2;188;195;201m▄[48;2;180;184;187m[38;2;151;156;165m▄[48;2;188;191;193m[38;2;146;154;165m▄[48;2;197;197;207m[38;2;121;130;139m▄[48;2;191;193;199m[38;2;140;151;162m▄[48;2;181;187;191m[38;2;132;144;154m▄[48;2;184;190;193m[38;2;143;154;163m▄[48;2;174;181;184m[38;2;149;161;169m▄[48;2;180;187;190m[38;2;152;164;172m▄[48;2;190;190;196m[38;2;157;167;177m▄[48;2;154;157;162m[38;2;173;179;187m▄[48;2;139;147;153m[38;2;170;177;186m▄[48;2;79;87;91m[38;2;138;149;155m▄[48;2;122;128;140m[38;2;125;134;141m▄[48;2;150;164;169m[38;2;119;125;133m▄[48;2;172;183;192m[38;2;150;162;171m▄[48;2;127;134;139m[38;2;153;165;176m▄[48;2;91;97;104m[38;2;170;177;187m▄[48;2;146;149;156m[38;2;81;84;85m▄[48;2;92;99;104m[38;2;147;153;161m▄[48;2;131;141;152m[38;2;136;144;152m▄[48;2;59;62;66m[38;2;80;85;89m▄[m
[48;2;151;153;157m[38;2;195;195;197m▄[48;2;182;183;187m[38;2;194;194;196m▄[48;2;170;172;175m[38;2;39;37;38m▄[48;2;185;187;189m[38;2;208;203;207m▄[48;2;177;180;183m[38;2;159;168;169m▄[48;2;126;130;133m[38;2;97;98;102m▄[48;2;177;182;185m[38;2;171;176;178m▄[48;2;169;172;174m[38;2;193;197;199m▄[48;2;34;35;35m[38;2;65;66;68m▄[48;2;149;151;151m[38;2;120;120;122m▄[48;2;183;185;186m[38;2;194;194;196m▄[48;2;59;59;60m[38;2;73;73;74m▄[48;2;62;63;62m[38;2;94;94;94m▄[48;2;162;167;167m[38;2;172;174;173m▄[48;2;156;157;160m[38;2;148;150;149m▄[48;2;90;90;92m[38;2;90;91;91m▄[48;2;147;148;150m[38;2;170;173;175m▄[48;2;174;175;177m[38;2;143;147;150m▄[48;2;189;190;194m[38;2;24;25;29m▄[48;2;193;194;198m[38;2;119;120;124m▄[48;2;190;191;195m[38;2;135;139;142m▄[48;2;211;210;215m[38;2;155;160;163m▄[48;2;176;178;180m[38;2;117;122;125m▄[48;2;119;124;127m[38;2;149;157;159m▄[48;2;171;177;181m[38;2;178;184;187m▄[48;2;135;135;140m[38;2;114;117;119m▄[48;2;127;128;133m[38;2;140;142;145m▄[48;2;157;162;171m[38;2;151;154;163m▄[48;2;139;145;154m[38;2;163;165;169m▄[48;2;85;89;90m[38;2;128;129;129m▄[48;2;151;161;166m[38;2;159;165;175m▄[48;2;85;88;93m[38;2;75;76;79m▄[48;2;181;183;188m[38;2;184;187;192m▄[48;2;51;52;56m[38;2;178;182;186m▄[48;2;181;184;186m[38;2;146;145;149m▄[48;2;190;188;195m[38;2;146;147;151m▄[48;2;194;193;201m[38;2;143;144;148m▄[48;2;141;143;149m[38;2;96;98;102m▄[48;2;129;137;140m[38;2;124;123;127m▄[48;2;79;84;87m[38;2;158;157;160m▄[48;2;133;140;145m[38;2;177;178;182m▄[48;2;151;158;159m[38;2;190;191;196m▄[48;2;147;150;154m[38;2;180;180;185m▄[48;2;178;181;186m[38;2;182;182;187m▄[48;2;148;153;157m[38;2;180;182;187m▄[48;2;133;136;141m[38;2;169;173;178m▄[48;2;94;96;100m[38;2;147;151;155m▄[48;2;103;108;111m[38;2;151;155;159m▄[48;2;142;155;164m[38;2;135;134;141m▄[48;2;169;181;186m[38;2;155;166;173m▄[48;2;173;179;187m[38;2;154;167;178m▄[48;2;156;168;178m[38;2;173;179;189m▄[48;2;138;151;159m[38;2;180;187;195m▄[48;2;90;99;105m[38;2;148;155;163m▄[48;2;143;151;156m[38;2;97;102;108m▄[48;2;166;175;190m[38;2;100;109;113m▄[48;2;125;132;137m[38;2;158;165;174m▄[48;2;168;172;177m[38;2;167;171;178m▄[48;2;130;136;140m[38;2;100;105;108m▄[48;2;112;115;121m[38;2;132;135;142m▄[m
[48;2;184;184;186m[38;2;162;162;164m▄[48;2;172;172;174m[38;2;154;154;156m▄[48;2;112;112;113m[38;2;96;96;98m▄[48;2;190;191;193m[38;2;192;193;195m▄[48;2;167;170;174m[38;2;160;162;165m▄[48;2;71;70;75m[38;2;136;138;140m▄[48;2;178;182;183m[38;2;191;192;192m▄[48;2;190;191;192m[38;2;177;177;177m▄[48;2;119;119;120m[38;2;168;168;168m▄[48;2;112;112;114m[38;2;84;84;87m▄[48;2;184;184;186m[38;2;186;186;189m▄[48;2;146;146;147m[38;2;179;180;182m▄[48;2;47;47;47m[38;2;113;114;112m▄[48;2;184;184;184m[38;2;155;155;155m▄[48;2;163;163;163m[38;2;187;187;187m▄[48;2;120;120;121m[38;2;129;129;131m▄[48;2;124;124;127m[38;2;104;104;108m▄[48;2;183;183;188m[38;2;155;163;164m▄[48;2;139;143;146m[38;2;186;186;190m▄[48;2;141;146;149m[38;2;213;205;208m▄[48;2;101;102;106m[38;2;209;200;201m▄[48;2;179;180;182m[38;2;219;209;210m▄[48;2;192;193;195m[38;2;204;201;202m▄[48;2;206;201;206m[38;2;209;205;209m▄[48;2;195;193;196m[38;2;135;131;134m▄[48;2;143;143;146m[38;2;124;126;130m▄[48;2;152;157;159m[38;2;158;166;169m▄[48;2;182;182;187m[38;2;180;180;184m▄[48;2;122;120;121m[38;2;96;96;98m▄[48;2;165;164;166m[38;2;182;182;187m▄[48;2;191;196;201m[38;2;147;149;153m▄[48;2;88;90;86m[38;2;121;122;126m▄[48;2;156;159;164m[38;2;171;172;176m▄[48;2;180;177;183m[38;2;159;163;164m▄[48;2;155;155;159m[38;2;130;131;131m▄[48;2;114;120;120m[38;2;178;177;179m▄[48;2;161;162;164m[38;2;191;191;192m▄[48;2;204;198;201m[38;2;167;171;171m▄[48;2;201;199;202m[38;2;113;120;124m▄[48;2;186;187;192m[38;2;128;135;144m▄[48;2;179;181;189m[38;2;105;113;118m▄[48;2;179;183;192m[38;2;125;134;138m▄[48;2;173;177;185m[38;2;131;140;145m▄[48;2;180;183;191m[38;2;132;141;148m▄[48;2;192;193;197m[38;2;143;150;157m▄[48;2;194;195;195m[38;2;174;178;182m▄[48;2;197;199;201m[38;2;193;194;198m▄[48;2;189;189;191m[38;2;199;198;203m▄[48;2;169;169;173m[38;2;200;200;204m▄[48;2;162;168;175m[38;2;175;180;183m▄[48;2;117;119;123m[38;2;124;129;133m▄[48;2;122;130;136m[38;2;163;168;172m▄[48;2;160;167;173m[38;2;116;121;125m▄[48;2;167;175;180m[38;2;160;165;171m▄[48;2;161;167;173m[38;2;173;180;189m▄[48;2;113;116;116m[38;2;137;145;148m▄[48;2;141;146;151m[38;2;89;89;95m▄[48;2;166;175;176m[38;2;166;174;176m▄[48;2;82;84;88m[38;2;68;68;73m▄[48;2;160;167;173m[38;2;154;161;168m▄[m
[48;2;151;151;153m[38;2;153;151;154m▄[48;2;158;158;160m[38;2;126;124;127m▄[48;2;143;142;143m[38;2;176;175;177m▄[48;2;183;181;182m[38;2;151;151;153m▄[48;2;193;192;194m[38;2;199;200;203m▄[48;2;122;122;122m[38;2;149;149;154m▄[48;2;175;175;175m[38;2;148;146;150m▄[48;2;181;181;181m[38;2;182;182;182m▄[48;2;187;187;186m[38;2;191;191;191m▄[48;2;98;98;99m[38;2;162;162;161m▄[48;2;181;181;179m[38;2;129;127;125m▄[48;2;211;208;207m[38;2;191;192;188m▄[48;2;144;142;142m[38;2;161;158;157m▄[48;2;94;94;94m[38;2;96;95;96m▄[48;2;191;191;190m[38;2;146;147;147m▄[48;2;180;180;180m[38;2;183;183;183m▄[48;2;118;118;119m[38;2;194;195;195m▄[48;2;173;171;173m[38;2;180;180;180m▄[48;2;178;180;180m[38;2;144;144;144m▄[48;2;135;138;138m[38;2;121;121;121m▄[48;2;171;172;176m[38;2;119;118;119m▄[48;2;184;181;183m[38;2;160;159;160m▄[48;2;183;181;179m[38;2;71;69;70m▄[48;2;135;134;137m[38;2;153;154;156m▄[48;2;141;141;143m[38;2;191;191;193m▄[48;2;183;181;181m[38;2;203;198;199m▄[48;2;171;171;173m[38;2;180;177;178m▄[48;2;125;125;127m[38;2;122;124;127m▄[48;2;116;116;116m[38;2;165;168;171m▄[48;2;191;191;196m[38;2;171;173;175m▄[48;2;89;91;95m[38;2;70;75;73m▄[48;2;150;151;155m[38;2;183;187;188m▄[48;2;154;155;159m[38;2;98;97;99m▄[48;2;92;96;99m[38;2;174;173;178m▄[48;2;157;161;167m[38;2;177;179;183m▄[48;2;171;169;170m[38;2;104;104;105m▄[48;2;123;123;128m[38;2;187;186;187m▄[48;2;87;89;94m[38;2;189;187;190m▄[48;2;100;102;105m[38;2;186;185;189m▄[48;2;120;121;125m[38;2;191;192;196m▄[48;2;153;154;159m[38;2;200;201;203m▄[48;2;169;170;175m[38;2;194;194;194m▄[48;2;176;176;182m[38;2;196;195;198m▄[48;2;162;162;167m[38;2;197;196;201m▄[48;2;159;161;167m[38;2;193;193;198m▄[48;2;142;149;153m[38;2;162;162;168m▄[48;2;144;151;154m[38;2;136;142;149m▄[48;2;122;127;130m[38;2;150;156;162m▄[48;2;177;178;182m[38;2;144;151;154m▄[48;2;192;192;197m[38;2;136;140;143m▄[48;2;189;191;195m[38;2;192;192;197m▄[48;2;177;184;186m[38;2;199;198;203m▄[48;2;147;152;156m[38;2;187;187;192m▄[48;2;130;135;141m[38;2;139;141;146m▄[48;2;105;112;116m[38;2;133;137;140m▄[48;2;175;182;188m[38;2;162;166;171m▄[48;2;186;188;194m[38;2;175;178;184m▄[48;2;99;104;107m[38;2;156;159;163m▄[48;2;61;64;65m[38;2;80;86;88m▄[48;2;153;156;161m[38;2;107;112;115m▄[m
[48;2;126;124;127m[38;2;175;173;174m▄[48;2;159;157;160m[38;2;196;194;195m▄[48;2;154;154;158m[38;2;104;103;105m▄[48;2;81;82;86m[38;2;45;46;48m▄[48;2;185;186;190m[38;2;176;178;180m▄[48;2;150;150;154m[38;2;175;175;177m▄[48;2;114;113;116m[38;2;134;132;135m▄[48;2;170;171;171m[38;2;163;169;170m▄[48;2;175;177;178m[38;2;164;169;169m▄[48;2;193;193;195m[38;2;156;155;158m▄[48;2;97;96;96m[38;2;108;110;111m▄[48;2;170;173;171m[38;2;78;79;79m▄[48;2;197;195;195m[38;2;168;171;171m▄[48;2;166;165;165m[38;2;201;199;196m▄[48;2;162;163;163m[38;2;142;145;146m▄[48;2;156;158;159m[38;2;156;159;161m▄[48;2;179;180;181m[38;2;115;119;120m▄[48;2;195;195;195m[38;2;170;171;172m▄[48;2;178;178;178m[38;2;181;180;180m▄[48;2;180;179;179m[38;2;192;190;191m▄[48;2;197;193;194m[38;2;192;190;191m▄[48;2;185;182;183m[38;2;197;195;196m▄[48;2;174;171;172m[38;2;192;189;190m▄[48;2;188;187;190m[38;2;169;169;171m▄[48;2;191;189;192m[38;2;100;102;104m▄[48;2;135;132;135m[38;2;109;111;113m▄[48;2;106;104;107m[38;2;134;134;137m▄[48;2;118;119;124m[38;2;181;180;184m▄[48;2;175;178;182m[38;2;148;148;152m▄[48;2;120;120;122m[38;2;74;76;78m▄[48;2;150;153;152m[38;2;198;197;199m▄[48;2;178;178;180m[38;2;136;134;137m▄[48;2;76;77;79m[38;2;176;176;178m▄[48;2;191;191;194m[38;2;97;98;98m▄[48;2;98;99;101m[38;2;116;115;116m▄[48;2;176;180;185m[38;2;123;125;123m▄[48;2;154;155;162m[38;2;163;164;164m▄[48;2;149;149;155m[38;2;133;132;134m▄[48;2;144;145;150m[38;2;139;138;142m▄[48;2;131;135;138m[38;2;168;169;171m▄[48;2;137;141;146m[38;2;159;160;157m▄[48;2;165;166;172m[38;2;164;164;162m▄[48;2;188;187;191m[38;2;160;160;161m▄[48;2;195;194;197m[38;2;124;123;127m▄[48;2;197;195;201m[38;2;169;169;173m▄[48;2;195;193;199m[38;2;172;175;179m▄[48;2;181;179;185m[38;2;193;191;196m▄[48;2;158;162;165m[38;2;193;195;197m▄[48;2;163;167;169m[38;2;165;164;167m▄[48;2;132;134;138m[38;2;142;141;144m▄[48;2;106;117;118m[38;2;137;139;141m▄[48;2;181;180;185m[38;2;89;92;95m▄[48;2;201;198;203m[38;2;136;137;140m▄[48;2;179;178;182m[38;2;191;192;195m▄[48;2;174;174;179m[38;2;196;195;201m▄[48;2;96;97;102m[38;2;151;152;157m▄[48;2;174;175;179m[38;2;47;48;50m▄[48;2;174;175;178m[38;2;187;187;189m▄[48;2;116;121;124m[38;2;183;187;188m▄[48;2;81;83;87m[38;2;126;131;134m▄[m
[48;2;156;154;155m[38;2;170;168;169m▄[48;2;162;160;161m[38;2;153;151;152m▄[48;2;141;139;140m[38;2;193;191;192m▄[48;2;91;91;91m[38;2;121;119;120m▄[48;2;171;174;174m[38;2;99;100;101m▄[48;2;168;170;172m[38;2;156;160;164m▄[48;2;145;147;147m[38;2;161;165;164m▄[48;2;131;132;132m[38;2;156;157;156m▄[48;2;154;160;160m[38;2;155;157;156m▄[48;2;155;162;162m[38;2;161;168;166m▄[48;2;187;187;189m[38;2;182;182;181m▄[48;2;24;25;25m[38;2;180;176;176m▄[48;2;55;58;58m[38;2;87;83;83m▄[48;2;187;186;183m[38;2;117;116;117m▄[48;2;173;172;174m[38;2;182;183;183m▄[48;2;148;149;151m[38;2;197;194;195m▄[48;2;124;124;126m[38;2;209;203;204m▄[48;2;111;110;112m[38;2;186;180;180m▄[48;2;107;108;107m[38;2;124;120;120m▄[48;2;132;133;133m[38;2;165;165;163m▄[48;2;139;140;139m[38;2;156;155;156m▄[48;2;106;107;108m[38;2;152;152;155m▄[48;2;150;151;151m[38;2;163;166;168m▄[48;2;124;125;127m[38;2;155;155;156m▄[48;2;98;97;100m[38;2;192;188;188m▄[48;2;183;182;181m[38;2;194;190;187m▄[48;2;209;205;205m[38;2;165;161;160m▄[48;2;200;196;197m[38;2;137;137;136m▄[48;2;108;107;107m[38;2;159;159;158m▄[48;2;167;171;169m[38;2;197;197;197m▄[48;2;174;175;174m[38;2;143;143;143m▄[48;2;139;139;138m[38;2;196;197;196m▄[48;2;204;199;200m[38;2;171;170;170m▄[48;2;210;203;205m[38;2;136;144;142m▄[48;2;194;192;193m[38;2;123;130;135m▄[48;2;189;187;189m[38;2;118;123;127m▄[48;2;186;185;189m[38;2;135;142;145m▄[48;2;180;182;186m[38;2;112;119;124m▄[48;2;181;181;181m[38;2;129;135;141m▄[48;2;197;194;193m[38;2;150;152;159m▄[48;2;199;195;197m[38;2;146;145;150m▄[48;2;199;196;200m[38;2;199;197;200m▄[48;2;171;169;171m[38;2;219;210;211m▄[48;2;157;156;155m[38;2;223;215;214m▄[48;2;164;165;165m[38;2;222;215;214m▄[48;2;139;140;143m[38;2;198;195;193m▄[48;2;157;160;160m[38;2;185;184;184m▄[48;2;195;191;192m[38;2;153;154;154m▄[48;2;204;199;199m[38;2;128;126;127m▄[48;2;200;195;195m[38;2;200;196;197m▄[48;2;193;191;191m[38;2;208;204;205m▄[48;2;180;180;182m[38;2;194;190;191m▄[48;2;137;138;142m[38;2;184;181;184m▄[48;2;151;152;156m[38;2;159;158;162m▄[48;2;189;188;192m[38;2;140;140;142m▄[48;2;183;185;188m[38;2;203;203;205m▄[48;2;150;151;153m[38;2;189;189;191m▄[48;2;111;111;113m[38;2;145;145;147m▄[48;2;187;188;190m[38;2;121;121;123m▄[48;2;142;145;148m[38;2;187;188;192m▄[m
[48;2;184;184;184m[38;2;165;165;165m▄[48;2;134;134;134m[38;2;167;167;167m▄[48;2;139;138;138m[38;2;142;142;142m▄[48;2;157;155;156m[38;2;107;107;107m▄[48;2;133;132;132m[38;2;132;132;132m▄[48;2;117;118;121m[38;2;100;100;98m▄[48;2;164;167;166m[38;2;132;133;130m▄[48;2;164;165;164m[38;2;183;182;180m▄[48;2;156;154;155m[38;2;193;193;191m▄[48;2;91;92;91m[38;2;88;82;82m▄[48;2;78;77;76m[38;2;196;195;193m▄[48;2;107;106;103m[38;2;136;132;131m▄[48;2;215;211;209m[38;2;94;89;88m▄[48;2;184;181;180m[38;2;182;178;175m▄[48;2;142;141;140m[38;2;211;210;206m▄[48;2;88;86;87m[38;2;170;168;166m▄[48;2;187;187;187m[38;2;139;138;137m▄[48;2;207;203;201m[38;2;91;91;92m▄[48;2;211;203;198m[38;2;125;126;127m▄[48;2;209;201;200m[38;2;171;171;172m▄[48;2;211;203;204m[38;2;161;162;159m▄[48;2;202;195;196m[38;2;162;160;161m▄[48;2;198;194;194m[38;2;185;183;183m▄[48;2;202;195;194m[38;2;160;160;162m▄[48;2;190;186;182m[38;2;135;137;136m▄[48;2;143;141;139m[38;2;173;171;170m▄[48;2;113;112;112m[38;2;196;192;191m▄[48;2;168;168;169m[38;2;202;197;196m▄[48;2;170;170;171m[38;2;143;142;140m▄[48;2;172;172;172m[38;2;92;91;89m▄[48;2;144;144;144m[38;2;198;195;192m▄[48;2;109;109;106m[38;2;213;207;205m▄[48;2;121;117;115m[38;2;209;200;202m▄[48;2;160;149;148m[38;2;209;203;203m▄[48;2;205;194;193m[38;2;208;202;202m▄[48;2;202;192;193m[38;2;204;200;199m▄[48;2;178;171;174m[38;2;197;192;191m▄[48;2;153;148;149m[38;2;202;194;194m▄[48;2;169;168;166m[38;2;200;196;195m▄[48;2;153;156;157m[38;2;177;176;176m▄[48;2;120;127;130m[38;2;152;153;154m▄[48;2;134;140;144m[38;2;163;164;166m▄[48;2;171;170;172m[38;2;155;155;157m▄[48;2;186;185;184m[38;2;179;178;180m▄[48;2;206;201;202m[38;2;171;167;168m▄[48;2;204;197;198m[38;2;206;201;202m▄[48;2;204;201;200m[38;2;212;206;206m▄[48;2;174;175;174m[38;2;200;195;192m▄[48;2;131;131;133m[38;2;187;184;187m▄[48;2;121;118;120m[38;2;148;147;149m▄[48;2;193;189;190m[38;2;95;93;94m▄[48;2;203;199;200m[38;2;188;185;187m▄[48;2;194;192;194m[38;2;204;199;203m▄[48;2;174;173;177m[38;2;185;180;184m▄[48;2;92;92;94m[38;2;143;141;142m▄[48;2;192;192;194m[38;2;110;110;112m▄[48;2;199;198;203m[38;2;190;187;194m▄[48;2;186;185;190m[38;2;188;185;192m▄[48;2;115;115;117m[38;2;148;147;149m▄[48;2;181;182;186m[38;2;108;108;111m▄[m
[48;2;137;137;137m[38;2;156;156;156m▄[48;2;155;155;155m[38;2;109;109;109m▄[48;2;132;132;132m[38;2;77;75;76m▄[48;2;128;128;128m[38;2;109;107;108m▄[48;2;96;94;95m[38;2;102;100;101m▄[48;2;124;123;121m[38;2;149;148;146m▄[48;2;101;100;98m[38;2;173;172;168m▄[48;2;97;94;93m[38;2;190;187;184m▄[48;2;168;163;161m[38;2;185;181;178m▄[48;2;204;202;198m[38;2;185;181;178m▄[48;2;175;170;167m[38;2;200;196;193m▄[48;2;201;196;193m[38;2;156;152;150m▄[48;2;215;210;207m[38;2;130;125;124m▄[48;2;197;193;190m[38;2;175;167;167m▄[48;2;125;123;120m[38;2;214;205;205m▄[48;2;165;160;160m[38;2;190;189;187m▄[48;2;200;195;194m[38;2;183;181;179m▄[48;2;217;212;210m[38;2;194;185;185m▄[48;2;173;167;165m[38;2;189;182;180m▄[48;2;156;154;150m[38;2;206;201;198m▄[48;2;152;150;149m[38;2;220;214;212m▄[48;2;138;138;138m[38;2;224;218;215m▄[48;2;161;161;160m[38;2;217;204;203m▄[48;2;176;178;176m[38;2;220;210;209m▄[48;2;206;199;198m[38;2;204;198;198m▄[48;2;219;211;210m[38;2;157;153;154m▄[48;2;208;204;201m[38;2;82;78;78m▄[48;2;103;103;101m[38;2;197;193;190m▄[48;2;154;151;150m[38;2;214;203;202m▄[48;2;215;210;208m[38;2;201;190;192m▄[48;2;216;209;206m[38;2;177;175;174m▄[48;2;211;202;201m[38;2;150;153;149m▄[48;2;183;177;178m[38;2;121;123;122m▄[48;2;166;169;166m[38;2;144;137;140m▄[48;2;154;157;154m[38;2;133;132;130m▄[48;2;134;136;133m[38;2;165;165;160m▄[48;2;158;158;156m[38;2;188;186;182m▄[48;2;184;186;183m[38;2;153;154;150m▄[48;2;195;192;191m[38;2;171;173;171m▄[48;2;213;204;204m[38;2;170;173;170m▄[48;2;216;208;210m[38;2;147;139;140m▄[48;2;199;195;196m[38;2;199;194;193m▄[48;2;142;139;139m[38;2;193;187;187m▄[48;2;165;162;162m[38;2;195;189;190m▄[48;2;169;165;166m[38;2;177;173;174m▄[48;2;194;189;190m[38;2;194;190;191m▄[48;2;206;199;199m[38;2;130;126;126m▄[48;2;209;202;199m[38;2;214;210;208m▄[48;2;214;208;210m[38;2;213;205;203m▄[48;2;188;185;186m[38;2;197;197;195m▄[48;2;181;179;180m[38;2;166;164;167m▄[48;2;62;59;61m[38;2;86;84;86m▄[48;2;189;184;188m[38;2;116;113;114m▄[48;2;187;182;186m[38;2;188;183;184m▄[48;2;179;177;178m[38;2;197;195;198m▄[48;2;117;117;119m[38;2;165;166;168m▄[48;2;146;144;148m[38;2;119;120;122m▄[48;2;202;200;204m[38;2;203;198;202m▄[48;2;197;193;196m[38;2;210;204;208m▄[48;2;99;98;101m[38;2;126;122;126m▄[m
[48;2;158;158;158m[38;2;138;138;136m▄[48;2;126;126;126m[38;2;89;89;88m▄[48;2;41;40;41m[38;2;39;39;38m▄[48;2;37;35;36m[38;2;174;170;170m▄[48;2;154;152;153m[38;2;176;174;173m▄[48;2;169;168;166m[38;2;201;192;191m▄[48;2;195;194;190m[38;2;184;178;176m▄[48;2;171;168;165m[38;2;192;187;184m▄[48;2;163;159;156m[38;2;183;179;176m▄[48;2;145;141;138m[38;2;177;173;170m▄[48;2;70;68;65m[38;2;176;172;170m▄[48;2;49;48;46m[38;2;186;182;174m▄[48;2;63;62;62m[38;2;183;177;172m▄[48;2;64;63;62m[38;2;194;189;182m▄[48;2;71;70;70m[38;2;184;178;172m▄[48;2;105;109;107m[38;2;136;136;132m▄[48;2;168;165;165m[38;2;78;77;76m▄[48;2;208;199;199m[38;2;94;91;89m▄[48;2;216;213;209m[38;2;181;177;173m▄[48;2;193;190;185m[38;2;207;199;196m▄[48;2;180;177;172m[38;2;204;198;194m▄[48;2;156;154;151m[38;2;179;179;177m▄[48;2;179;177;175m[38;2;168;168;166m▄[48;2;154;148;146m[38;2;149;147;145m▄[48;2;103;101;100m[38;2;63;65;62m▄[48;2;103;104;102m[38;2;205;202;201m▄[48;2;188;183;181m[38;2;216;206;206m▄[48;2;203;198;195m[38;2;186;186;183m▄[48;2;187;182;179m[38;2;143;145;142m▄[48;2;162;160;158m[38;2;106;108;105m▄[48;2;105;106;103m[38;2;164;162;159m▄[48;2;151;145;144m[38;2;216;206;203m▄[48;2;192;186;187m[38;2;205;197;194m▄[48;2;197;193;194m[38;2;200;194;190m▄[48;2;195;187;187m[38;2;205;197;193m▄[48;2;197;189;187m[38;2;215;206;204m▄[48;2;204;195;193m[38;2;220;209;208m▄[48;2;191;184;181m[38;2;215;203;202m▄[48;2;196;191;188m[38;2;206;196;195m▄[48;2;180;176;175m[38;2;212;207;206m▄[48;2;185;187;184m[38;2;161;162;160m▄[48;2;187;182;181m[38;2;184;182;181m▄[48;2;178;172;172m[38;2;92;88;87m▄[48;2;203;197;198m[38;2;143;139;138m▄[48;2;196;192;193m[38;2;192;188;188m▄[48;2;177;174;175m[38;2;185;183;182m▄[48;2;131;130;129m[38;2;171;170;168m▄[48;2;103;103;100m[38;2;116;115;114m▄[48;2;214;206;207m[38;2;212;207;208m▄[48;2;204;200;200m[38;2;198;192;193m▄[48;2;182;180;180m[38;2;191;188;187m▄[48;2;119;118;119m[38;2;154;153;153m▄[48;2;38;36;39m[38;2;87;88;90m▄[48;2;198;193;197m[38;2;181;181;183m▄[48;2;213;209;212m[38;2;188;187;190m▄[48;2;163;161;164m[38;2;172;172;174m▄[48;2;92;91;92m[38;2;94;93;93m▄[48;2;205;204;205m[38;2;193;193;193m▄[48;2;210;207;211m[38;2;193;193;195m▄[48;2;150;150;152m[38;2;154;154;156m▄[m
[48;2;125;124;122m[38;2;25;26;25m▄[48;2;33;33;31m[38;2;130;131;128m▄[48;2;188;189;185m[38;2;207;203;200m▄[48;2;199;193;191m[38;2;213;205;203m▄[48;2;190;185;182m[38;2;189;183;181m▄[48;2;177;175;171m[38;2;151;149;145m▄[48;2;173;169;166m[38;2;189;188;184m▄[48;2;180;175;172m[38;2;208;203;201m▄[48;2;199;194;191m[38;2;183;176;173m▄[48;2;189;184;181m[38;2;164;158;156m▄[48;2;171;165;162m[38;2;161;157;153m▄[48;2;186;180;177m[38;2;139;134;133m▄[48;2;161;154;152m[38;2;59;55;53m▄[48;2;193;183;182m[38;2;53;49;47m▄[48;2;220;208;204m[38;2;132;126;125m▄[48;2;214;207;199m[38;2;93;90;88m▄[48;2;219;209;205m[38;2;181;172;171m▄[48;2;165;157;154m[38;2;210;200;198m▄[48;2;172;167;164m[38;2;208;203;200m▄[48;2;169;164;162m[38;2;142;140;137m▄[48;2;200;196;194m[38;2;189;187;184m▄[48;2;176;175;173m[38;2;190;186;183m▄[48;2;150;149;147m[38;2;169;165;162m▄[48;2;159;159;156m[38;2;78;78;74m▄[48;2;103;102;100m[38;2;174;170;168m▄[48;2;210;208;205m[38;2;224;215;212m▄[48;2;216;205;204m[38;2;189;184;180m▄[48;2;169;167;165m[38;2;169;166;165m▄[48;2;131;131;129m[38;2;85;82;79m▄[48;2;154;149;146m[38;2;217;207;205m▄[48;2;218;206;204m[38;2;190;183;179m▄[48;2;209;200;197m[38;2;219;211;209m▄[48;2;215;209;205m[38;2;183;179;177m▄[48;2;213;207;203m[38;2;163;160;158m▄[48;2;195;189;185m[38;2;167;166;161m▄[48;2;192;184;182m[38;2;155;153;150m▄[48;2;206;198;196m[38;2;182;182;179m▄[48;2;140;133;132m[38;2;151;145;145m▄[48;2;204;197;196m[38;2;53;49;49m▄[48;2;212;204;204m[38;2;190;187;187m▄[48;2;204;198;199m[38;2;192;188;187m▄[48;2;161;159;158m[38;2;198;194;193m▄[48;2;176;173;172m[38;2;163;161;160m▄[48;2;120;117;116m[38;2;95;94;93m▄[48;2;190;187;186m[38;2;137;133;132m▄[48;2;209;203;203m[38;2;209;202;200m▄[48;2;193;188;188m[38;2;200;196;194m▄[48;2;134;129;129m[38;2;157;153;153m▄[48;2;161;156;157m[38;2;97;93;94m▄[48;2;204;198;199m[38;2;184;179;180m▄[48;2;194;190;189m[38;2;202;198;199m▄[48;2;161;160;159m[38;2;184;182;182m▄[48;2;106;106;107m[38;2;102;101;102m▄[48;2;176;176;177m[38;2;125;124;126m▄[48;2;186;187;189m[38;2;199;198;201m▄[48;2;111;111;113m[38;2;169;168;170m▄[48;2;133;132;137m[38;2;121;121;123m▄[48;2;174;173;178m[38;2;162;162;163m▄[48;2;188;188;190m[38;2;202;200;203m▄[48;2;167;167;169m[38;2;177;176;179m▄[m
[48;2;66;63;61m[38;2;114;114;110m▄[48;2;201;196;192m[38;2;200;197;193m▄[48;2;195;187;185m[38;2;199;193;190m▄[48;2;193;185;183m[38;2;164;158;154m▄[48;2;169;164;161m[38;2;194;190;187m▄[48;2;169;167;163m[38;2;147;144;141m▄[48;2;141;141;136m[38;2;152;149;146m▄[48;2;177;172;171m[38;2;170;164;162m▄[48;2;189;181;175m[38;2;198;190;186m▄[48;2;204;197;192m[38;2;206;200;196m▄[48;2;183;180;176m[38;2;179;172;170m▄[48;2;185;182;179m[38;2;177;168;166m▄[48;2;196;192;188m[38;2;181;173;170m▄[48;2;189;185;181m[38;2;190;183;180m▄[48;2;195;192;188m[38;2;207;198;195m▄[48;2;149;151;146m[38;2;200;197;192m▄[48;2;126;123;120m[38;2;201;195;192m▄[48;2;144;138;135m[38;2;134;130;127m▄[48;2;204;197;195m[38;2;159;154;151m▄[48;2;188;184;181m[38;2;203;196;194m▄[48;2;182;177;174m[38;2;206;201;198m▄[48;2;200;195;192m[38;2;178;174;171m▄[48;2;217;212;209m[38;2;210;202;201m▄[48;2;100;96;93m[38;2;140;134;132m▄[48;2;204;198;196m[38;2;201;195;192m▄[48;2;213;206;204m[38;2;159;153;152m▄[48;2;197;193;191m[38;2;185;181;181m▄[48;2;66;64;63m[38;2;77;76;74m▄[48;2;196;191;188m[38;2;218;211;209m▄[48;2;209;199;197m[38;2;203;193;191m▄[48;2;216;208;205m[38;2;208;200;197m▄[48;2;188;182;179m[38;2;167;165;161m▄[48;2;164;163;161m[38;2;117;116;113m▄[48;2;130;130;128m[38;2;162;159;156m▄[48;2;155;152;149m[38;2;216;210;207m▄[48;2;163;160;157m[38;2;212;205;202m▄[48;2;173;169;166m[38;2;205;200;196m▄[48;2;149;148;146m[38;2;187;187;185m▄[48;2;152;151;151m[38;2;140;141;141m▄[48;2;54;53;54m[38;2;70;70;71m▄[48;2;196;193;192m[38;2;153;151;151m▄[48;2;199;195;193m[38;2;210;205;205m▄[48;2;190;189;187m[38;2;193;194;191m▄[48;2;130;130;128m[38;2;155;155;152m▄[48;2;93;90;89m[38;2;118;115;115m▄[48;2;201;195;193m[38;2;204;200;196m▄[48;2;200;196;194m[38;2;192;189;187m▄[48;2;168;165;165m[38;2;160;160;159m▄[48;2;106;103;104m[38;2;105;104;104m▄[48;2;183;180;181m[38;2;189;185;185m▄[48;2;195;191;192m[38;2;196;192;192m▄[48;2;178;175;176m[38;2;170;168;169m▄[48;2;120;118;119m[38;2;132;131;131m▄[48;2;156;154;157m[38;2;112;110;112m▄[48;2;200;198;199m[38;2;207;205;206m▄[48;2;176;174;175m[38;2;188;186;187m▄[48;2;106;106;108m[38;2;125;124;126m▄[48;2;167;167;169m[38;2;190;189;191m▄[48;2;201;199;202m[38;2;205;203;206m▄[48;2;171;169;172m[38;2;175;173;176m▄[m
[48;2;201;195;193m[38;2;209;202;200m▄[48;2;201;197;194m[38;2;188;183;180m▄[48;2;201;195;192m[38;2;113;108;105m▄[48;2;199;192;189m[38;2;211;201;200m▄[48;2;200;194;191m[38;2;190;186;183m▄[48;2;146;142;139m[38;2;175;170;167m▄[48;2;162;156;154m[38;2;188;180;177m▄[48;2;192;187;184m[38;2;217;211;208m▄[48;2;210;202;200m[38;2;184;181;179m▄[48;2;187;177;176m[38;2;131;127;123m▄[48;2;195;186;184m[38;2;154;149;146m▄[48;2;180;175;171m[38;2;183;180;175m▄[48;2;181;178;173m[38;2;205;203;198m▄[48;2;155;151;147m[38;2;208;205;200m▄[48;2;172;164;161m[38;2;195;190;186m▄[48;2;211;197;196m[38;2;155;145;141m▄[48;2;226;213;212m[38;2;180;168;165m▄[48;2;209;198;196m[38;2;207;196;190m▄[48;2;163;152;150m[38;2;206;200;194m▄[48;2;191;185;182m[38;2;183;179;176m▄[48;2;218;208;207m[38;2;209;206;202m▄[48;2;189;184;181m[38;2;193;191;187m▄[48;2;150;144;142m[38;2;111;113;109m▄[48;2;190;186;183m[38;2;217;209;207m▄[48;2;210;206;203m[38;2;219;207;207m▄[48;2;155;150;148m[38;2;161;157;154m▄[48;2;138;136;133m[38;2;175;172;169m▄[48;2;45;45;43m[38;2;43;41;39m▄[48;2;206;199;197m[38;2;203;196;194m▄[48;2;211;201;199m[38;2;204;192;190m▄[48;2;165;157;154m[38;2;179;172;169m▄[48;2;160;159;155m[38;2;141;140;136m▄[48;2;86;84;81m[38;2;127;124;121m▄[48;2;225;213;213m[38;2;209;201;199m▄[48;2;200;191;189m[38;2;161;158;154m▄[48;2;86;84;81m[38;2;145;143;139m▄[48;2;92;93;89m[38;2;71;67;64m▄[48;2;202;199;196m[38;2;195;189;188m▄[48;2;191;187;187m[38;2;193;187;187m▄[48;2;187;187;185m[38;2;215;209;207m▄[48;2;227;222;222m[38;2;214;211;208m▄[48;2;219;211;211m[38;2;164;162;161m▄[48;2;167;168;166m[38;2;156;156;155m▄[48;2;134;133;131m[38;2;135;133;133m▄[48;2;127;125;127m[38;2;180;170;175m▄[48;2;213;209;208m[38;2;214;206;208m▄[48;2;183;180;180m[38;2;158;157;158m▄[48;2;156;156;157m[38;2;143;140;143m▄[48;2;65;62;62m[38;2;125;120;121m▄[48;2;210;204;204m[38;2;208;201;201m▄[48;2;196;192;191m[38;2;182;180;175m▄[48;2;166;164;165m[38;2;182;178;180m▄[48;2;147;145;146m[38;2;151;147;148m▄[48;2;184;180;181m[38;2;175;169;171m▄[48;2;194;192;195m[38;2;198;196;198m▄[48;2;179;177;180m[38;2;158;157;158m▄[48;2;133;131;134m[38;2;87;85;87m▄[48;2;200;198;201m[38;2;204;202;204m▄[48;2;201;199;202m[38;2;196;194;197m▄[48;2;177;175;178m[38;2;182;181;183m▄[m
[48;2;213;205;203m[38;2;209;200;198m▄[48;2;184;177;175m[38;2;179;170;168m▄[48;2;147;142;139m[38;2;166;161;157m▄[48;2;218;208;207m[38;2;206;196;195m▄[48;2;174;169;166m[38;2;165;158;155m▄[48;2;128;122;118m[38;2;161;154;151m▄[48;2;205;196;194m[38;2;211;201;198m▄[48;2;225;214;213m[38;2;216;203;202m▄[48;2;145;137;136m[38;2;162;153;151m▄[48;2;167;160;154m[38;2;200;191;184m▄[48;2;196;187;184m[38;2;222;211;208m▄[48;2;223;215;212m[38;2;183;174;172m▄[48;2;168;164;160m[38;2;92;85;83m▄[48;2;107;100;97m[38;2;170;162;158m▄[48;2;227;218;216m[38;2;215;209;206m▄[48;2;194;186;183m[38;2;160;154;151m▄[48;2;137;133;129m[38;2;115;109;107m▄[48;2;205;196;190m[38;2;197;189;186m▄[48;2;217;209;206m[38;2;228;217;217m▄[48;2;164;156;154m[38;2;198;188;186m▄[48;2;198;186;186m[38;2;122;113;113m▄[48;2;200;192;189m[38;2;223;209;206m▄[48;2;159;157;153m[38;2;153;145;142m▄[48;2;205;197;195m[38;2;124;116;115m▄[48;2;214;201;201m[38;2;215;204;203m▄[48;2;162;153;152m[38;2;215;204;202m▄[48;2;196;188;186m[38;2;177;168;167m▄[48;2;56;53;51m[38;2;69;66;64m▄[48;2;213;206;203m[38;2;202;195;193m▄[48;2;213;204;202m[38;2;211;199;198m▄[48;2;175;174;168m[38;2;202;196;193m▄[48;2;155;155;152m[38;2;169;170;167m▄[48;2;113;111;109m[38;2;74;73;71m▄[48;2;217;210;207m[38;2;212;204;201m▄[48;2;186;181;177m[38;2;212;207;203m▄[48;2;160;156;152m[38;2;177;172;169m▄[48;2;171;167;164m[38;2;148;144;140m▄[48;2;166;163;161m[38;2;167;166;163m▄[48;2;165;163;162m[38;2;168;168;165m▄[48;2;165;162;160m[38;2;158;157;155m▄[48;2;150;149;148m[38;2;126;126;125m▄[48;2;144;144;144m[38;2;143;143;143m▄[48;2;108;107;108m[38;2;175;174;174m▄[48;2;129;127;127m[38;2;201;200;200m▄[48;2;218;211;208m[38;2;214;208;210m▄[48;2;205;200;197m[38;2;169;165;166m▄[48;2;161;162;158m[38;2;157;156;156m▄[48;2;113;110;110m[38;2;114;109;111m▄[48;2;192;187;187m[38;2;210;205;204m▄[48;2;201;196;193m[38;2;198;194;191m▄[48;2;182;183;181m[38;2;152;153;156m▄[48;2;180;178;178m[38;2;137;137;136m▄[48;2;76;74;75m[38;2;123;123;123m▄[48;2;204;200;201m[38;2;207;204;205m▄[48;2;200;194;196m[38;2;185;184;184m▄[48;2;193;189;190m[38;2;172;172;172m▄[48;2;99;97;98m[38;2;84;82;83m▄[48;2;201;199;200m[38;2;201;198;199m▄[48;2;192;190;193m[38;2;178;176;178m▄[48;2;126;126;128m[38;2;155;154;156m▄[m
[48;2;213;204;201m[38;2;201;191;184m▄[48;2;189;181;178m[38;2;150;146;142m▄[48;2;180;171;169m[38;2;194;185;183m▄[48;2;170;163;160m[38;2;180;173;169m▄[48;2;153;146;143m[38;2;147;145;141m▄[48;2;203;194;192m[38;2;214;205;202m▄[48;2;206;196;191m[38;2;200;192;187m▄[48;2;201;189;186m[38;2;177;165;163m▄[48;2;112;107;103m[38;2;116;110;107m▄[48;2;211;201;193m[38;2;220;208;201m▄[48;2;225;214;210m[38;2;224;212;207m▄[48;2;194;185;182m[38;2;183;175;170m▄[48;2;125;120;117m[38;2;110;105;101m▄[48;2;211;202;196m[38;2;219;210;204m▄[48;2;176;171;168m[38;2;222;213;210m▄[48;2;164;161;157m[38;2;198;188;186m▄[48;2;123;119;115m[38;2;217;210;207m▄[48;2;213;203;201m[38;2;207;199;196m▄[48;2;203;193;193m[38;2;163;156;153m▄[48;2;213;201;197m[38;2;127;123;117m▄[48;2;105;100;100m[38;2;190;182;181m▄[48;2;219;206;201m[38;2;220;210;205m▄[48;2;173;166;162m[38;2;184;176;173m▄[48;2;124;119;115m[38;2;130;122;123m▄[48;2;218;210;203m[38;2;225;210;206m▄[48;2;221;211;207m[38;2;207;200;195m▄[48;2;181;175;172m[38;2;197;195;191m▄[48;2;136;133;130m[38;2;153;148;145m▄[48;2;164;157;155m[38;2;87;80;78m▄[48;2;210;200;198m[38;2;229;220;214m▄[48;2;211;202;200m[38;2;217;203;199m▄[48;2;189;187;182m[38;2;196;189;184m▄[48;2;128;123;120m[38;2;169;160;158m▄[48;2;205;197;194m[38;2;209;200;198m▄[48;2;213;205;202m[38;2;209;199;197m▄[48;2;214;206;203m[38;2;206;197;194m▄[48;2;205;201;196m[38;2;213;205;202m▄[48;2;189;184;181m[38;2;204;197;194m▄[48;2;178;172;169m[38;2;210;203;201m▄[48;2;195;187;186m[38;2;212;204;202m▄[48;2;199;190;189m[38;2;222;215;212m▄[48;2;202;194;194m[38;2;220;214;213m▄[48;2;213;205;206m[38;2;193;187;187m▄[48;2;217;209;210m[38;2;155;149;149m▄[48;2;195;191;192m[38;2;170;165;167m▄[48;2;148;147;147m[38;2;135;133;131m▄[48;2;129;129;126m[38;2;164;162;158m▄[48;2;193;185;183m[38;2;217;206;206m▄[48;2;206;200;200m[38;2;204;197;198m▄[48;2;185;183;183m[38;2;161;162;161m▄[48;2;143;142;146m[38;2;161;158;161m▄[48;2;111;109;109m[38;2;194;185;188m▄[48;2;207;204;205m[38;2;212;204;207m▄[48;2;197;193;194m[38;2;186;182;183m▄[48;2;165;165;165m[38;2;162;162;162m▄[48;2;149;149;149m[38;2;93;93;93m▄[48;2;129;127;128m[38;2;198;197;196m▄[48;2;193;189;190m[38;2;188;185;186m▄[48;2;155;153;154m[38;2;202;200;201m▄[48;2;123;121;122m[38;2;127;125;126m▄[m
[48;2;182;171;165m[38;2;200;190;183m▄[48;2;178;176;171m[38;2;171;169;164m▄[48;2;185;177;173m[38;2;179;173;167m▄[48;2;166;160;156m[38;2;193;185;181m▄[48;2;137;134;131m[38;2;179;171;169m▄[48;2;200;194;190m[38;2;165;155;153m▄[48;2;196;192;185m[38;2;215;203;199m▄[48;2;179;170;166m[38;2;221;211;208m▄[48;2;138;130;127m[38;2;130;121;117m▄[48;2;218;204;197m[38;2;218;206;198m▄[48;2;221;209;204m[38;2;224;212;205m▄[48;2;237;227;222m[38;2;233;222;216m▄[48;2;126;120;115m[38;2;222;210;202m▄[48;2;151;146;143m[38;2;205;193;187m▄[48;2;180;173;171m[38;2;179;169;163m▄[48;2;196;187;185m[38;2;186;177;170m▄[48;2;204;194;193m[38;2;161;155;150m▄[48;2;178;169;168m[38;2;177;173;170m▄[48;2;79;70;69m[38;2;197;193;190m▄[48;2;188;182;182m[38;2;209;201;195m▄[48;2;214;206;203m[38;2;222;213;206m▄[48;2;213;201;200m[38;2;194;183;182m▄[48;2;94;86;84m[38;2;123;118;114m▄[48;2;216;205;202m[38;2;222;208;204m▄[48;2;159;151;148m[38;2;89;87;86m▄[48;2;162;152;149m[38;2;87;83;79m▄[48;2;215;203;195m[38;2;174;166;164m▄[48;2;190;181;177m[38;2;209;200;194m▄[48;2;196;189;184m[38;2;175;168;161m▄[48;2;198;190;183m[38;2;184;177;171m▄[48;2;209;197;191m[38;2;201;191;187m▄[48;2;205;195;193m[38;2;210;200;198m▄[48;2;195;188;185m[38;2;211;203;200m▄[48;2;170;164;161m[38;2;209;204;199m▄[48;2;192;186;182m[38;2;179;175;170m▄[48;2;197;191;187m[38;2;183;181;176m▄[48;2;201;193;191m[38;2;179;176;172m▄[48;2;206;198;196m[38;2;156;153;149m▄[48;2;193;185;183m[38;2;163;161;157m▄[48;2;181;175;173m[38;2;178;174;171m▄[48;2;151;149;145m[38;2;167;162;159m▄[48;2;155;155;151m[38;2;176;167;166m▄[48;2;171;170;167m[38;2;186;177;175m▄[48;2;154;151;149m[38;2;185;177;175m▄[48;2;161;155;157m[38;2;211;205;206m▄[48;2;197;192;189m[38;2;205;200;199m▄[48;2;210;205;203m[38;2;186;184;184m▄[48;2;193;191;191m[38;2;166;166;166m▄[48;2;166;167;166m[38;2;178;174;175m▄[48;2;179;176;177m[38;2;128;124;125m▄[48;2;124;120;121m[38;2;210;206;207m▄[48;2;214;207;209m[38;2;200;197;199m▄[48;2;206;202;203m[38;2;168;167;167m▄[48;2;151;149;150m[38;2;168;168;168m▄[48;2;108;107;107m[38;2;130;128;128m▄[48;2;87;87;87m[38;2;147;144;145m▄[48;2;192;191;189m[38;2;178;177;176m▄[48;2;193;191;192m[38;2;147;145;146m▄[48;2;185;183;186m[38;2;107;105;107m▄[48;2;62;60;61m[38;2;129;127;128m▄[m
[48;2;214;204;196m[38;2;218;207;200m▄[48;2;155;149;145m[38;2;207;201;196m▄[48;2;148;142;135m[38;2;122;114;112m▄[48;2;210;201;192m[38;2;214;204;197m▄[48;2;222;215;205m[38;2;144;139;139m▄[48;2;152;144;141m[38;2;131;124;124m▄[48;2;212;202;196m[38;2;227;219;209m▄[48;2;194;183;179m[38;2;220;208;202m▄[48;2;156;146;144m[38;2;194;184;181m▄[48;2;159;149;145m[38;2;184;173;172m▄[48;2;201;191;182m[38;2;220;210;203m▄[48;2;168;158;155m[38;2;171;163;159m▄[48;2;214;204;197m[38;2;149;141;138m▄[48;2;227;216;209m[38;2;149;141;136m▄[48;2;228;217;209m[38;2;203;194;190m▄[48;2;223;210;205m[38;2;223;210;208m▄[48;2;219;205;203m[38;2;233;216;215m▄[48;2;223;208;208m[38;2;213;202;200m▄[48;2;229;215;214m[38;2;201;194;191m▄[48;2;226;214;211m[38;2;114;109;106m▄[48;2;205;196;192m[38;2;114;109;105m▄[48;2;83;80;75m[38;2;203;200;192m▄[48;2;209;193;192m[38;2;231;215;213m▄[48;2;205;196;191m[38;2;173;166;163m▄[48;2;134;128;127m[38;2;219;210;207m▄[48;2;217;198;196m[38;2;220;208;204m▄[48;2;92;95;89m[38;2;215;209;205m▄[48;2;208;194;193m[38;2;112;103;101m▄[48;2;224;210;207m[38;2;203;194;189m▄[48;2;182;173;168m[38;2;201;191;189m▄[48;2;199;193;190m[38;2;188;186;182m▄[48;2;209;200;198m[38;2;163;160;156m▄[48;2;209;201;198m[38;2;182;179;176m▄[48;2;219;208;206m[38;2;174;171;167m▄[48;2;220;207;206m[38;2;198;191;188m▄[48;2;225;213;212m[38;2;212;203;200m▄[48;2;224;212;212m[38;2;189;183;181m▄[48;2;219;207;207m[38;2;204;197;195m▄[48;2;222;211;210m[38;2;206;200;198m▄[48;2;215;204;204m[38;2;199;191;189m▄[48;2;217;205;205m[38;2;209;201;199m▄[48;2;224;214;213m[38;2;203;196;194m▄[48;2;218;210;208m[38;2;187;182;178m▄[48;2;210;205;201m[38;2;177;173;169m▄[48;2;191;186;184m[38;2;175;170;168m▄[48;2;178;175;174m[38;2;162;159;158m▄[48;2;183;182;181m[38;2;123;123;122m▄[48;2;139;139;139m[38;2;192;186;188m▄[48;2;147;143;144m[38;2;217;206;209m▄[48;2;209;208;206m[38;2;192;190;188m▄[48;2;205;202;203m[38;2;174;174;173m▄[48;2;176;173;176m[38;2;178;176;177m▄[48;2;185;183;184m[38;2;174;169;171m▄[48;2;160;158;159m[38;2;132;128;130m▄[48;2;88;84;83m[38;2;190;186;186m▄[48;2;184;180;181m[38;2;196;193;194m▄[48;2;194;192;193m[38;2;156;154;155m▄[48;2;165;163;164m[38;2;105;103;104m▄[48;2;55;53;55m[38;2;170;168;170m▄[48;2;186;184;186m[38;2;184;182;184m▄[m
[48;2;227;213;207m[38;2;227;216;208m▄[48;2;213;202;197m[38;2;220;212;205m▄[48;2;150;142;138m[38;2;199;196;191m▄[48;2;225;211;204m[38;2;239;231;224m▄[48;2;214;201;194m[38;2;220;207;206m▄[48;2;186;176;173m[38;2;179;170;169m▄[48;2;197;188;189m[38;2;149;145;144m▄[48;2;232;217;212m[38;2;227;217;215m▄[48;2;232;221;210m[38;2;223;213;208m▄[48;2;244;234;228m[38;2;221;209;207m▄[48;2;220;211;203m[38;2;226;214;209m▄[48;2;236;228;226m[38;2;240;234;230m▄[48;2;227;221;216m[38;2;235;228;223m▄[48;2;185;178;172m[38;2;219;212;206m▄[48;2;187;180;174m[38;2;206;199;193m▄[48;2;185;177;174m[38;2;200;194;191m▄[48;2;184;176;174m[38;2;192;191;188m▄[48;2;196;190;187m[38;2;211;208;206m▄[48;2;193;188;185m[38;2;236;231;226m▄[48;2;221;209;209m[38;2;249;238;238m▄[48;2;230;216;215m[38;2;223;213;211m▄[48;2;223;208;204m[38;2;203;197;192m▄[48;2;208;199;195m[38;2;162;157;153m▄[48;2;118;113;109m[38;2;227;216;215m▄[48;2;232;219;217m[38;2;198;192;188m▄[48;2;174;164;162m[38;2;123;116;114m▄[48;2;114;109;107m[38;2;174;170;168m▄[48;2;205;199;196m[38;2;187;180;177m▄[48;2;176;167;165m[38;2;218;210;207m▄[48;2;201;189;187m[38;2;184;176;173m▄[48;2;210;200;197m[38;2;146;142;138m▄[48;2;220;214;211m[38;2;212;202;200m▄[48;2;211;202;200m[38;2;231;219;218m▄[48;2;186;180;176m[38;2;237;226;222m▄[48;2;175;171;163m[38;2;219;210;203m▄[48;2;179;171;165m[38;2;217;206;201m▄[48;2;178;176;175m[38;2;220;212;211m▄[48;2;177;173;169m[38;2;222;213;211m▄[48;2;172;168;165m[38;2;223;213;212m▄[48;2;179;176;173m[38;2;207;198;196m▄[48;2;191;188;185m[38;2;210;202;199m▄[48;2;195;191;188m[38;2;196;188;186m▄[48;2;210;203;201m[38;2;216;208;206m▄[48;2;177;168;166m[38;2;223;215;213m▄[48;2;166;159;157m[38;2;210;203;201m▄[48;2;150;144;144m[38;2;194;190;189m▄[48;2;210;204;205m[38;2;178;176;176m▄[48;2;196;193;194m[38;2;184;185;185m▄[48;2;173;171;171m[38;2;200;195;195m▄[48;2;161;162;159m[38;2;180;175;175m▄[48;2;174;171;170m[38;2;191;185;185m▄[48;2;189;184;182m[38;2;189;180;180m▄[48;2;160;156;152m[38;2;196;189;187m▄[48;2;193;190;188m[38;2;208;202;203m▄[48;2;193;190;191m[38;2;190;185;187m▄[48;2;172;170;171m[38;2;179;174;176m▄[48;2;143;140;141m[38;2;159;154;156m▄[48;2;137;134;135m[38;2;188;183;184m▄[48;2;85;81;81m[38;2;198;192;191m▄[48;2;172;168;169m[38;2;86;81;81m▄[m
[48;2;213;204;195m[38;2;226;218;212m▄[48;2;209;200;190m[38;2;238;227;217m▄[48;2;202;194;191m[38;2;212;197;191m▄[48;2;220;212;209m[38;2;158;149;147m▄[48;2;205;198;193m[38;2;243;235;232m▄[48;2;209;199;193m[38;2;235;222;218m▄[48;2;176;172;168m[38;2;213;204;202m▄[48;2;199;195;192m[38;2;166;157;156m▄[48;2;245;238;235m[38;2;244;235;234m▄[48;2;231;219;216m[38;2;249;241;239m▄[48;2;223;208;204m[38;2;240;235;230m▄[48;2;173;166;160m[38;2;241;229;226m▄[48;2;217;207;200m[38;2;184;175;168m▄[48;2;232;221;216m[38;2;155;146;140m▄[48;2;224;214;211m[38;2;199;191;186m▄[48;2;230;221;219m[38;2;198;187;183m▄[48;2;225;219;217m[38;2;203;190;187m▄[48;2;236;230;227m[38;2;200;190;188m▄[48;2;242;234;231m[38;2;176;169;168m▄[48;2;196;186;185m[38;2;208;202;199m▄[48;2;187;175;175m[38;2;239;230;228m▄[48;2;204;195;192m[38;2;241;234;231m▄[48;2;217;207;205m[38;2;240;232;229m▄[48;2;234;223;221m[38;2;168;159;158m▄[48;2;173;167;163m[38;2;180;171;170m▄[48;2;211;204;202m[38;2;147;138;135m▄[48;2;204;197;194m[38;2;212;203;199m▄[48;2;73;67;65m[38;2;171;164;162m▄[48;2;225;221;216m[38;2;174;168;164m▄[48;2;211;203;203m[38;2;208;201;196m▄[48;2;184;182;180m[38;2;201;200;193m▄[48;2;186;176;174m[38;2;216;210;206m▄[48;2;195;185;183m[38;2;170;164;161m▄[48;2;192;182;179m[38;2;209;201;199m▄[48;2;219;210;207m[38;2;189;181;179m▄[48;2;220;209;208m[38;2;196;191;189m▄[48;2;231;219;219m[38;2;171;166;165m▄[48;2;228;217;216m[38;2;195;191;189m▄[48;2;229;217;217m[38;2;199;195;192m▄[48;2;232;221;219m[38;2;196;192;189m▄[48;2;221;211;209m[38;2;174;172;168m▄[48;2;216;208;206m[38;2;172;168;165m▄[48;2;205;200;197m[38;2;165;162;159m▄[48;2;196;193;189m[38;2;183;182;178m▄[48;2;184;183;179m[38;2;206;202;201m▄[48;2;166;165;163m[38;2;175;168;170m▄[48;2;186;185;185m[38;2;183;174;175m▄[48;2;210;201;203m[38;2;157;155;153m▄[48;2;199;191;192m[38;2;185;181;180m▄[48;2;162;156;157m[38;2;199;191;192m▄[48;2;210;209;209m[38;2;195;192;193m▄[48;2;201;196;196m[38;2;197;190;192m▄[48;2;209;204;201m[38;2;158;154;153m▄[48;2;198;192;192m[38;2;150;145;147m▄[48;2;165;159;161m[38;2;143;137;139m▄[48;2;148;142;144m[38;2;213;207;209m▄[48;2;223;219;219m[38;2;164;160;158m▄[48;2;171;166;165m[38;2;210;205;202m▄[48;2;179;173;170m[38;2;157;151;148m▄[48;2;203;198;197m[38;2;205;200;199m▄[m
[48;2;206;196;191m[38;2;176;171;167m▄[48;2;237;227;223m[38;2;129;125;121m▄[48;2;232;222;217m[38;2;206;202;198m▄[48;2;198;190;183m[38;2;201;194;191m▄[48;2;175;167;163m[38;2;179;172;169m▄[48;2;248;240;238m[38;2;211;205;202m▄[48;2;239;229;229m[38;2;248;241;239m▄[48;2;215;205;205m[38;2;247;238;236m▄[48;2;223;213;213m[38;2;230;220;218m▄[48;2;218;209;204m[38;2;219;209;200m▄[48;2;242;233;229m[38;2;232;221;214m▄[48;2;243;233;229m[38;2;205;191;186m▄[48;2;234;222;218m[38;2;231;215;210m▄[48;2;228;218;214m[38;2;231;217;214m▄[48;2;212;203;200m[38;2;233;222;220m▄[48;2;205;197;192m[38;2;231;217;214m▄[48;2;187;181;175m[38;2;233;216;213m▄[48;2;215;208;202m[38;2;240;226;223m▄[48;2;236;227;222m[38;2;219;208;204m▄[48;2;245;235;233m[38;2;215;205;203m▄[48;2;246;236;234m[38;2;185;175;173m▄[48;2;216;205;203m[38;2;200;193;190m▄[48;2;169;162;159m[38;2;239;227;225m▄[48;2;191;183;181m[38;2;238;228;227m▄[48;2;240;230;231m[38;2;143;135;135m▄[48;2;170;164;164m[38;2;165;157;155m▄[48;2;115;109;109m[38;2;95;87;85m▄[48;2;241;231;230m[38;2;208;198;198m▄[48;2;170;160;158m[38;2;231;222;219m▄[48;2;176;163;165m[38;2;201;195;194m▄[48;2;224;211;208m[38;2;153;147;145m▄[48;2;237;226;226m[38;2;216;208;206m▄[48;2;240;229;229m[38;2;222;213;212m▄[48;2;227;216;214m[38;2;231;221;219m▄[48;2;221;211;210m[38;2;227;218;217m▄[48;2;197;190;190m[38;2;227;218;216m▄[48;2;179;172;172m[38;2;237;226;225m▄[48;2;192;187;187m[38;2;220;209;208m▄[48;2;214;207;206m[38;2;224;213;211m▄[48;2;209;201;200m[38;2;238;226;224m▄[48;2;178;172;172m[38;2;234;224;223m▄[48;2;187;181;182m[38;2;222;212;213m▄[48;2;222;214;215m[38;2;220;210;211m▄[48;2;200;190;191m[38;2;218;208;210m▄[48;2;205;197;197m[38;2;218;213;215m▄[48;2;171;166;167m[38;2;193;189;192m▄[48;2;212;208;207m[38;2;192;188;189m▄[48;2;199;197;195m[38;2;173;169;170m▄[48;2;205;203;201m[38;2;166;163;162m▄[48;2;213;206;207m[38;2;130;126;125m▄[48;2;200;191;192m[38;2;172;163;164m▄[48;2;168;161;161m[38;2;199;190;191m▄[48;2;189;184;184m[38;2;226;217;218m▄[48;2;194;188;190m[38;2;179;170;173m▄[48;2;188;181;183m[38;2;191;184;186m▄[48;2;126;121;123m[38;2;122;117;119m▄[48;2;147;143;142m[38;2;91;87;88m▄[48;2;158;154;153m[38;2;139;135;136m▄[48;2;218;212;213m[38;2;203;200;203m▄[48;2;124;118;121m[38;2;201;198;203m▄[m
[?25h