[s[?25l[48;2;18;14;16m[38;2;18;14;16m▄[48;2;18;14;16m[38;2;18;14;16m▄[48;2;18;14;16m[38;2;18;14;16m▄[48;2;18;14;16m[38;2;18;14;16m▄[48;2;18;14;16m[38;2;18;14;16m▄[48;2;18;14;16m[38;2;18;14;16m▄[48;2;18;14;16m[38;2;18;14;16m▄[48;2;18;14;16m[38;2;18;14;16m▄[48;2;18;14;16m[38;2;18;14;16m▄[48;2;18;14;16m[38;2;18;14;16m▄[48;2;18;14;16m[38;2;18;14;16m▄[48;2;18;14;16m[38;2;18;14;16m▄[48;2;18;14;16m[38;2;18;14;16m▄[48;2;18;14;16m[38;2;18;14;16m▄[48;2;18;14;16m[38;2;18;14;16m▄[48;2;18;14;16m[38;2;18;14;16m▄[48;2;18;14;16m[38;2;18;14;16m▄[48;2;18;14;16m[38;2;18;14;16m▄[48;2;18;14;16m[38;2;18;14;16m▄[48;2;18;14;16m[38;2;18;14;16m▄[48;2;18;14;16m[38;2;18;14;16m▄[48;2;18;14;16m[38;2;18;14;16m▄[48;2;18;14;16m[38;2;18;14;16m▄[48;2;18;14;16m[38;2;18;14;16m▄[48;2;18;14;16m[38;2;18;14;16m▄[48;2;18;14;16m[38;2;18;14;16m▄[48;2;18;14;16m[38;2;18;14;16m▄[48;2;18;14;16m[38;2;18;14;16m▄[48;2;18;14;16m[38;2;18;14;16m▄[48;2;18;14;16m[38;2;18;14;16m▄[48;2;18;14;16m[38;2;18;14;16m▄[48;2;18;14;16m[38;2;18;14;16m▄[48;2;18;14;16m[38;2;18;14;16m▄[48;2;18;14;16m[38;2;18;14;16m▄[48;2;18;14;16m[38;2;18;14;16m▄[48;2;18;14;16m[38;2;18;14;16m▄[48;2;18;14;16m[38;2;18;14;16m▄[48;2;18;14;16m[38;2;18;14;16m▄[48;2;18;14;16m[38;2;18;14;16m▄[48;2;18;14;16m[38;2;18;14;16m▄[48;2;18;14;16m[38;2;18;14;16m▄[48;2;18;14;16m[38;2;18;14;16m▄[48;2;18;14;16m[38;2;18;14;16m▄[48;2;18;14;16m[38;2;18;14;16m▄[48;2;18;14;16m[38;2;18;14;16m▄[48;2;18;14;16m[38;2;18;14;16m▄[48;2;18;14;16m[38;2;18;14;16m▄[48;2;18;14;16m[38;2;18;14;16m▄[48;2;18;14;16m[38;2;18;14;16m▄[48;2;18;14;16m[38;2;18;14;16m▄[48;2;18;14;16m[38;2;18;14;16m▄[48;2;18;14;16m[38;2;18;14;16m▄[48;2;18;14;16m[38;2;18;14;16m▄[48;2;18;14;16m[38;2;18;14;16m▄[48;2;18;14;16m[38;2;18;14;16m▄[48;2;18;14;16m[38;2;18;14;16m▄[48;2;18;14;16m[38;2;18;14;16m▄[48;2;18;14;16m[38;2;18;14;16m▄[48;2;18;14;16m[38;2;18;14;16m▄[m
[48;2;18;14;16m[38;2;18;14;16m▄[48;2;18;14;16m[38;2;18;14;16m▄[48;2;18;14;16m[38;2;18;14;16m▄[48;2;18;14;16m[38;2;18;14;16m▄[48;2;18;14;16m[38;2;18;14;16m▄[48;2;18;14;16m[38;2;18;14;16m▄[48;2;18;14;16m[38;2;18;14;16m▄[48;2;18;14;16m[38;2;18;14;16m▄[48;2;18;14;16m[38;2;18;14;16m▄[48;2;18;14;16m[38;2;18;14;16m▄[48;2;18;14;16m[38;2;18;14;16m▄[48;2;18;14;16m[38;2;18;14;16m▄[48;2;18;14;16m[38;2;18;14;16m▄[48;2;18;14;16m[38;2;18;14;16m▄[48;2;18;14;16m[38;2;18;14;16m▄[48;2;18;14;16m[38;2;18;14;16m▄[48;2;18;14;16m[38;2;18;14;16m▄[48;2;18;14;16m[38;2;18;14;16m▄[48;2;18;14;16m[38;2;18;14;16m▄[48;2;18;14;16m[38;2;18;14;16m▄[48;2;18;14;16m[38;2;18;14;16m▄[48;2;18;14;16m[38;2;18;14;16m▄[48;2;18;14;16m[38;2;18;14;16m▄[48;2;18;14;16m[38;2;18;14;16m▄[48;2;18;14;16m[38;2;18;14;16m▄[48;2;18;14;16m[38;2;18;14;16m▄[48;2;18;14;16m[38;2;18;14;16m▄[48;2;18;14;16m[38;2;18;14;16m▄[48;2;18;14;16m[38;2;18;14;16m▄[48;2;18;14;16m[38;2;18;14;16m▄[48;2;18;14;16m[38;2;18;14;16m▄[48;2;18;14;16m[38;2;18;14;16m▄[48;2;18;14;16m[38;2;18;14;16m▄[48;2;18;14;16m[38;2;18;14;16m▄[48;2;18;14;16m[38;2;18;14;16m▄[48;2;18;14;16m[38;2;18;14;16m▄[48;2;18;14;16m[38;2;18;14;16m▄[48;2;18;14;16m[38;2;18;14;16m▄[48;2;18;14;16m[38;2;18;14;16m▄[48;2;18;14;16m[38;2;18;14;16m▄[48;2;18;14;16m[38;2;18;14;16m▄[48;2;18;14;16m[38;2;18;14;16m▄[48;2;18;14;16m[38;2;18;14;16m▄[48;2;18;14;16m[38;2;18;14;16m▄[48;2;18;14;16m[38;2;18;14;16m▄[48;2;18;14;16m[38;2;18;14;16m▄[48;2;18;14;16m[38;2;18;14;16m▄[48;2;18;14;16m[38;2;18;14;16m▄[48;2;18;14;16m[38;2;18;14;16m▄[48;2;18;14;16m[38;2;18;14;16m▄[48;2;18;14;16m[38;2;18;14;16m▄[48;2;18;14;16m[38;2;18;14;16m▄[48;2;18;14;16m[38;2;18;14;16m▄[48;2;18;14;16m[38;2;18;14;16m▄[48;2;18;14;16m[38;2;18;14;16m▄[48;2;18;14;16m[38;2;18;14;16m▄[48;2;18;14;16m[38;2;18;14;16m▄[48;2;18;14;16m[38;2;18;14;16m▄[48;2;18;14;16m[38;2;18;14;16m▄[m
[48;2;18;14;16m[38;2;18;14;16m▄[48;2;18;14;16m[38;2;18;14;16m▄[48;2;18;14;16m[38;2;18;14;16m▄[48;2;18;14;16m[38;2;18;14;16m▄[48;2;18;14;16m[38;2;18;14;16m▄[48;2;18;14;16m[38;2;18;14;16m▄[48;2;18;14;16m[38;2;18;14;16m▄[48;2;18;14;16m[38;2;18;14;16m▄[48;2;18;14;16m[38;2;18;14;16m▄[48;2;18;14;16m[38;2;18;14;16m▄[48;2;18;14;16m[38;2;18;14;16m▄[48;2;18;14;16m[38;2;18;14;16m▄[48;2;18;14;16m[38;2;18;14;16m▄[48;2;18;14;16m[38;2;18;14;16m▄[48;2;18;14;16m[38;2;18;14;16m▄[48;2;18;14;16m[38;2;18;14;16m▄[48;2;18;14;16m[38;2;18;14;16m▄[48;2;18;14;16m[38;2;18;14;16m▄[48;2;18;14;16m[38;2;18;14;16m▄[48;2;18;14;16m[38;2;18;14;16m▄[48;2;18;14;16m[38;2;18;14;16m▄[48;2;18;14;16m[38;2;18;14;16m▄[48;2;18;14;16m[38;2;18;14;16m▄[48;2;18;14;16m[38;2;18;14;16m▄[48;2;18;14;16m[38;2;18;14;16m▄[48;2;18;14;16m[38;2;18;14;16m▄[48;2;18;14;16m[38;2;18;14;16m▄[48;2;18;14;16m[38;2;18;14;16m▄[48;2;18;14;16m[38;2;18;14;16m▄[48;2;18;14;16m[38;2;18;14;16m▄[48;2;18;14;16m[38;2;18;14;16m▄[48;2;18;14;16m[38;2;18;14;16m▄[48;2;18;14;16m[38;2;18;14;16m▄[48;2;18;14;16m[38;2;18;14;16m▄[48;2;18;14;16m[38;2;18;14;16m▄[48;2;18;14;16m[38;2;18;14;16m▄[48;2;18;14;16m[38;2;18;14;16m▄[48;2;18;14;16m[38;2;18;14;16m▄[48;2;18;14;16m[38;2;18;14;16m▄[48;2;18;14;16m[38;2;18;14;16m▄[48;2;18;14;16m[38;2;18;14;16m▄[48;2;18;14;16m[38;2;18;14;16m▄[48;2;18;14;16m[38;2;18;14;16m▄[48;2;18;14;16m[38;2;18;14;16m▄[48;2;18;14;16m[38;2;18;14;16m▄[48;2;18;14;16m[38;2;18;14;16m▄[48;2;18;14;16m[38;2;18;14;16m▄[48;2;18;14;16m[38;2;18;14;16m▄[48;2;18;14;16m[38;2;18;14;16m▄[48;2;18;14;16m[38;2;18;14;16m▄[48;2;18;14;16m[38;2;18;14;16m▄[48;2;18;14;16m[38;2;18;14;16m▄[48;2;18;14;16m[38;2;18;14;16m▄[48;2;18;14;16m[38;2;18;14;16m▄[48;2;18;14;16m[38;2;18;14;16m▄[48;2;18;14;16m[38;2;18;14;16m▄[48;2;18;14;16m[38;2;18;14;16m▄[48;2;18;14;16m[38;2;18;14;16m▄[48;2;18;14;16m[38;2;18;14;16m▄[m
[48;2;18;14;16m[38;2;18;14;16m▄[48;2;18;14;16m[38;2;18;14;16m▄[48;2;18;14;16m[38;2;18;14;16m▄[48;2;18;14;16m[38;2;18;14;16m▄[48;2;18;14;16m[38;2;18;14;16m▄[48;2;18;14;16m[38;2;18;14;16m▄[48;2;18;14;16m[38;2;18;14;16m▄[48;2;18;14;16m[38;2;18;14;16m▄[48;2;18;14;16m[38;2;18;14;16m▄[48;2;18;14;16m[38;2;18;14;16m▄[48;2;18;14;16m[38;2;18;14;16m▄[48;2;18;14;16m[38;2;18;14;16m▄[48;2;18;14;16m[38;2;18;14;16m▄[48;2;18;14;16m[38;2;18;14;16m▄[48;2;18;14;16m[38;2;18;14;16m▄[48;2;18;14;16m[38;2;18;14;16m▄[48;2;18;14;16m[38;2;18;14;16m▄[48;2;18;14;16m[38;2;18;14;16m▄[48;2;18;14;16m[38;2;18;14;16m▄[48;2;18;14;16m[38;2;18;14;16m▄[48;2;18;14;16m[38;2;18;14;16m▄[48;2;18;14;16m[38;2;18;14;16m▄[48;2;18;14;16m[38;2;18;14;16m▄[48;2;18;14;16m[38;2;18;14;16m▄[48;2;18;14;16m[38;2;18;14;16m▄[48;2;18;14;16m[38;2;18;14;16m▄[48;2;18;14;16m[38;2;18;14;16m▄[48;2;18;14;16m[38;2;18;14;16m▄[48;2;18;14;16m[38;2;18;14;16m▄[48;2;18;14;16m[38;2;18;14;16m▄[48;2;18;14;16m[38;2;18;14;16m▄[48;2;18;14;16m[38;2;18;14;16m▄[48;2;18;14;16m[38;2;18;14;16m▄[48;2;18;14;16m[38;2;18;14;16m▄[48;2;18;14;16m[38;2;18;14;16m▄[48;2;18;14;16m[38;2;18;14;16m▄[48;2;18;14;16m[38;2;18;14;16m▄[48;2;18;14;16m[38;2;18;14;16m▄[48;2;18;14;16m[38;2;18;14;16m▄[48;2;18;14;16m[38;2;18;14;16m▄[48;2;18;14;16m[38;2;18;14;16m▄[48;2;18;14;16m[38;2;18;14;16m▄[48;2;18;14;16m[38;2;18;14;16m▄[48;2;18;14;16m[38;2;18;14;16m▄[48;2;18;14;16m[38;2;18;14;16m▄[48;2;18;14;16m[38;2;18;14;16m▄[48;2;18;14;16m[38;2;18;14;16m▄[48;2;18;14;16m[38;2;18;14;16m▄[48;2;18;14;16m[38;2;18;14;16m▄[48;2;18;14;16m[38;2;18;14;16m▄[48;2;18;14;16m[38;2;18;14;16m▄[48;2;18;14;16m[38;2;18;14;16m▄[48;2;18;14;16m[38;2;18;14;16m▄[48;2;18;14;16m[38;2;18;14;16m▄[48;2;18;14;16m[38;2;18;14;16m▄[48;2;18;14;16m[38;2;18;14;16m▄[48;2;18;14;16m[38;2;18;14;16m▄[48;2;18;14;16m[38;2;18;14;16m▄[48;2;18;14;16m[38;2;18;14;16m▄[m
[48;2;18;14;16m[38;2;18;14;16m▄[48;2;18;14;16m[38;2;18;14;16m▄[48;2;18;14;16m[38;2;18;14;16m▄[48;2;18;14;16m[38;2;18;14;16m▄[48;2;18;14;16m[38;2;18;14;16m▄[48;2;18;14;16m[38;2;18;14;16m▄[48;2;18;14;16m[38;2;18;14;16m▄[48;2;18;14;16m[38;2;18;14;16m▄[48;2;18;14;16m[38;2;18;14;16m▄[48;2;18;14;16m[38;2;18;14;16m▄[48;2;18;14;16m[38;2;18;14;16m▄[48;2;18;14;16m[38;2;18;14;16m▄[48;2;18;14;16m[38;2;18;14;16m▄[48;2;18;14;16m[38;2;18;14;16m▄[48;2;18;14;16m[38;2;18;14;16m▄[48;2;18;14;16m[38;2;18;14;16m▄[48;2;18;14;16m[38;2;18;14;16m▄[48;2;18;14;16m[38;2;18;14;16m▄[48;2;18;14;16m[38;2;18;14;16m▄[48;2;18;14;16m[38;2;18;14;16m▄[48;2;18;14;16m[38;2;18;14;16m▄[48;2;18;14;16m[38;2;18;14;16m▄[48;2;18;14;16m[38;2;18;14;16m▄[48;2;18;14;16m[38;2;18;14;16m▄[48;2;18;14;16m[38;2;18;14;16m▄[48;2;18;14;16m[38;2;18;14;16m▄[48;2;18;14;16m[38;2;18;14;16m▄[48;2;18;14;16m[38;2;18;14;16m▄[48;2;18;14;16m[38;2;18;14;16m▄[48;2;18;14;16m[38;2;18;14;16m▄[48;2;18;14;16m[38;2;18;14;16m▄[48;2;18;14;16m[38;2;18;14;16m▄[48;2;18;14;16m[38;2;18;14;16m▄[48;2;18;14;16m[38;2;18;14;16m▄[48;2;18;14;16m[38;2;18;14;16m▄[48;2;18;14;16m[38;2;18;14;16m▄[48;2;18;14;16m[38;2;18;14;16m▄[48;2;18;14;16m[38;2;18;14;16m▄[48;2;18;14;16m[38;2;18;14;16m▄[48;2;18;14;16m[38;2;18;14;16m▄[48;2;18;14;16m[38;2;18;14;16m▄[48;2;18;14;16m[38;2;18;14;16m▄[48;2;18;14;16m[38;2;18;14;16m▄[48;2;18;14;16m[38;2;18;14;16m▄[48;2;18;14;16m[38;2;18;14;16m▄[48;2;18;14;16m[38;2;18;14;16m▄[48;2;18;14;16m[38;2;18;14;16m▄[48;2;18;14;16m[38;2;18;14;16m▄[48;2;18;14;16m[38;2;18;14;16m▄[48;2;18;14;16m[38;2;18;14;16m▄[48;2;18;14;16m[38;2;18;14;16m▄[48;2;18;14;16m[38;2;18;14;16m▄[48;2;18;14;16m[38;2;18;14;16m▄[48;2;18;14;16m[38;2;18;14;16m▄[48;2;18;14;16m[38;2;18;14;16m▄[48;2;18;14;16m[38;2;18;14;16m▄[48;2;18;14;16m[38;2;18;14;16m▄[48;2;18;14;16m[38;2;18;14;16m▄[48;2;18;14;16m[38;2;18;14;16m▄[m
[48;2;18;14;16m[38;2;18;14;16m▄[48;2;18;14;16m[38;2;18;14;16m▄[48;2;18;14;16m[38;2;18;14;16m▄[48;2;18;14;16m[38;2;18;14;16m▄[48;2;18;14;16m[38;2;18;14;16m▄[48;2;18;14;16m[38;2;18;14;16m▄[48;2;18;14;16m[38;2;18;14;16m▄[48;2;18;14;16m[38;2;18;14;16m▄[48;2;18;14;16m[38;2;18;14;16m▄[48;2;18;14;16m[38;2;18;14;16m▄[48;2;18;14;16m[38;2;18;14;16m▄[48;2;18;14;16m[38;2;18;14;16m▄[48;2;18;14;16m[38;2;18;14;16m▄[48;2;18;14;16m[38;2;18;14;16m▄[48;2;18;14;16m[38;2;18;14;16m▄[48;2;18;14;16m[38;2;18;14;16m▄[48;2;18;14;16m[38;2;18;14;16m▄[48;2;18;14;16m[38;2;18;14;16m▄[48;2;18;14;16m[38;2;18;14;16m▄[48;2;18;14;16m[38;2;18;14;16m▄[48;2;18;14;16m[38;2;18;14;16m▄[48;2;18;14;16m[38;2;18;14;16m▄[48;2;18;14;16m[38;2;18;14;16m▄[48;2;18;14;16m[38;2;18;14;16m▄[48;2;18;14;16m[38;2;18;14;16m▄[48;2;18;14;16m[38;2;18;14;16m▄[48;2;18;14;16m[38;2;18;14;16m▄[48;2;18;14;16m[38;2;18;14;16m▄[48;2;18;14;16m[38;2;18;14;16m▄[48;2;18;14;16m[38;2;18;14;16m▄[48;2;18;14;16m[38;2;18;14;16m▄[48;2;18;14;16m[38;2;18;14;16m▄[48;2;18;14;16m[38;2;18;14;16m▄[48;2;18;14;16m[38;2;18;14;16m▄[48;2;18;14;16m[38;2;18;14;16m▄[48;2;18;14;16m[38;2;18;14;16m▄[48;2;18;14;16m[38;2;18;14;16m▄[48;2;18;14;16m[38;2;18;14;16m▄[48;2;18;14;16m[38;2;18;14;16m▄[48;2;18;14;16m[38;2;18;14;16m▄[48;2;18;14;16m[38;2;18;14;16m▄[48;2;18;14;16m[38;2;18;14;16m▄[48;2;18;14;16m[38;2;18;14;16m▄[48;2;18;14;16m[38;2;18;14;16m▄[48;2;18;14;16m[38;2;18;14;16m▄[48;2;18;14;16m[38;2;18;14;16m▄[48;2;18;14;16m[38;2;18;14;16m▄[48;2;18;14;16m[38;2;18;14;16m▄[48;2;18;14;16m[38;2;18;14;16m▄[48;2;18;14;16m[38;2;18;14;16m▄[48;2;18;14;16m[38;2;18;14;16m▄[48;2;18;14;16m[38;2;18;14;16m▄[48;2;18;14;16m[38;2;18;14;16m▄[48;2;18;14;16m[38;2;18;14;16m▄[48;2;18;14;16m[38;2;18;14;16m▄[48;2;18;14;16m[38;2;18;14;16m▄[48;2;18;14;16m[38;2;18;14;16m▄[48;2;18;14;16m[38;2;18;14;16m▄[48;2;18;14;16m[38;2;18;14;16m▄[m
[48;2;18;14;16m[38;2;18;14;16m▄[48;2;18;14;16m[38;2;18;14;16m▄[48;2;18;14;16m[38;2;18;14;16m▄[48;2;18;14;16m[38;2;18;14;16m▄[48;2;18;14;16m[38;2;18;14;16m▄[48;2;18;14;16m[38;2;18;14;16m▄[48;2;18;14;16m[38;2;18;14;16m▄[48;2;18;14;16m[38;2;18;14;16m▄[48;2;18;14;16m[38;2;18;14;16m▄[48;2;18;14;16m[38;2;18;14;16m▄[48;2;18;14;16m[38;2;18;14;16m▄[48;2;18;14;16m[38;2;18;14;16m▄[48;2;18;14;16m[38;2;18;14;16m▄[48;2;18;14;16m[38;2;18;14;16m▄[48;2;18;14;16m[38;2;18;14;16m▄[48;2;18;14;16m[38;2;18;14;16m▄[48;2;18;14;16m[38;2;18;14;16m▄[48;2;18;14;16m[38;2;18;14;16m▄[48;2;18;14;16m[38;2;18;14;16m▄[48;2;18;14;16m[38;2;18;14;16m▄[48;2;18;14;16m[38;2;18;14;16m▄[48;2;18;14;16m[38;2;18;14;16m▄[48;2;18;14;16m[38;2;18;14;16m▄[48;2;18;14;16m[38;2;18;14;16m▄[48;2;18;14;16m[38;2;18;14;16m▄[48;2;18;14;16m[38;2;18;14;16m▄[48;2;18;14;16m[38;2;18;14;16m▄[48;2;18;14;16m[38;2;18;14;16m▄[48;2;18;14;16m[38;2;18;14;16m▄[48;2;18;14;16m[38;2;18;14;16m▄[48;2;18;14;16m[38;2;18;14;16m▄[48;2;18;14;16m[38;2;18;14;16m▄[48;2;18;14;16m[38;2;18;14;16m▄[48;2;18;14;16m[38;2;18;14;16m▄[48;2;18;14;16m[38;2;18;14;16m▄[48;2;18;14;16m[38;2;18;14;16m▄[48;2;18;14;16m[38;2;18;14;16m▄[48;2;18;14;16m[38;2;18;14;16m▄[48;2;18;14;16m[38;2;18;14;16m▄[48;2;18;14;16m[38;2;18;14;16m▄[48;2;18;14;16m[38;2;18;14;16m▄[48;2;18;14;16m[38;2;18;14;16m▄[48;2;18;14;16m[38;2;18;14;16m▄[48;2;18;14;16m[38;2;18;14;16m▄[48;2;18;14;16m[38;2;18;14;16m▄[48;2;18;14;16m[38;2;18;14;16m▄[48;2;18;14;16m[38;2;18;14;16m▄[48;2;18;14;16m[38;2;18;14;16m▄[48;2;18;14;16m[38;2;18;14;16m▄[48;2;18;14;16m[38;2;18;14;16m▄[48;2;18;14;16m[38;2;18;14;16m▄[48;2;18;14;16m[38;2;18;14;16m▄[48;2;18;14;16m[38;2;18;14;16m▄[48;2;18;14;16m[38;2;18;14;16m▄[48;2;18;14;16m[38;2;18;14;16m▄[48;2;18;14;16m[38;2;18;14;16m▄[48;2;18;14;16m[38;2;18;14;16m▄[48;2;18;14;16m[38;2;18;14;16m▄[48;2;18;14;16m[38;2;18;14;16m▄[m
[48;2;18;14;16m[38;2;18;14;16m▄[48;2;18;14;16m[38;2;18;14;16m▄[48;2;18;14;16m[38;2;18;14;16m▄[48;2;18;14;16m[38;2;18;14;16m▄[48;2;18;14;16m[38;2;18;14;16m▄[48;2;18;14;16m[38;2;18;14;16m▄[48;2;18;14;16m[38;2;18;14;16m▄[48;2;18;14;16m[38;2;18;14;16m▄[48;2;18;14;16m[38;2;18;14;16m▄[48;2;18;14;16m[38;2;18;14;16m▄[48;2;18;14;16m[38;2;18;14;16m▄[48;2;18;14;16m[38;2;18;14;16m▄[48;2;18;14;16m[38;2;18;14;16m▄[48;2;18;14;16m[38;2;18;14;16m▄[48;2;18;14;16m[38;2;18;14;16m▄[48;2;18;14;16m[38;2;18;14;16m▄[48;2;18;14;16m[38;2;18;14;16m▄[48;2;18;14;16m[38;2;18;14;16m▄[48;2;18;14;16m[38;2;18;14;16m▄[48;2;18;14;16m[38;2;18;14;16m▄[48;2;18;14;16m[38;2;18;14;16m▄[48;2;18;14;16m[38;2;18;14;16m▄[48;2;18;14;16m[38;2;18;14;16m▄[48;2;18;14;16m[38;2;18;14;16m▄[48;2;18;14;16m[38;2;18;14;16m▄[48;2;18;14;16m[38;2;18;14;16m▄[48;2;18;14;16m[38;2;18;14;16m▄[48;2;18;14;16m[38;2;18;14;16m▄[48;2;18;14;16m[38;2;18;14;16m▄[48;2;18;14;16m[38;2;18;14;16m▄[48;2;18;14;16m[38;2;18;14;16m▄[48;2;18;14;16m[38;2;18;14;16m▄[48;2;18;14;16m[38;2;18;14;16m▄[48;2;18;14;16m[38;2;18;14;16m▄[48;2;18;14;16m[38;2;18;14;16m▄[48;2;18;14;16m[38;2;18;14;16m▄[48;2;18;14;16m[38;2;18;14;16m▄[48;2;18;14;16m[38;2;18;14;16m▄[48;2;18;14;16m[38;2;18;14;16m▄[48;2;18;14;16m[38;2;18;14;16m▄[48;2;18;14;16m[38;2;18;14;16m▄[48;2;18;14;16m[38;2;18;14;16m▄[48;2;18;14;16m[38;2;18;14;16m▄[48;2;18;14;16m[38;2;18;14;16m▄[48;2;18;14;16m[38;2;18;14;16m▄[48;2;18;14;16m[38;2;18;14;16m▄[48;2;18;14;16m[38;2;18;14;16m▄[48;2;18;14;16m[38;2;18;14;16m▄[48;2;18;14;16m[38;2;18;14;16m▄[48;2;18;14;16m[38;2;18;14;16m▄[48;2;18;14;16m[38;2;18;14;16m▄[48;2;18;14;16m[38;2;18;14;16m▄[48;2;18;14;16m[38;2;18;14;16m▄[48;2;18;14;16m[38;2;18;14;16m▄[48;2;18;14;16m[38;2;18;14;16m▄[48;2;18;14;16m[38;2;18;14;16m▄[48;2;18;14;16m[38;2;18;14;16m▄[48;2;18;14;16m[38;2;18;14;16m▄[48;2;18;14;16m[38;2;18;14;16m▄[m
[48;2;18;14;16m[38;2;18;14;16m▄[48;2;18;14;16m[38;2;18;14;16m▄[48;2;18;14;16m[38;2;18;14;16m▄[48;2;18;14;16m[38;2;18;14;16m▄[48;2;18;14;16m[38;2;18;14;16m▄[48;2;18;14;16m[38;2;18;14;16m▄[48;2;18;14;16m[38;2;18;14;16m▄[48;2;18;14;16m[38;2;18;14;16m▄[48;2;18;14;16m[38;2;18;14;16m▄[48;2;18;14;16m[38;2;18;14;16m▄[48;2;18;14;16m[38;2;18;14;16m▄[48;2;18;14;16m[38;2;18;14;16m▄[48;2;18;14;16m[38;2;18;14;16m▄[48;2;18;14;16m[38;2;18;14;16m▄[48;2;18;14;16m[38;2;18;14;16m▄[48;2;18;14;16m[38;2;18;14;16m▄[48;2;18;14;16m[38;2;18;14;16m▄[48;2;18;14;16m[38;2;18;14;16m▄[48;2;18;14;16m[38;2;18;14;16m▄[48;2;18;14;16m[38;2;18;14;16m▄[48;2;18;14;16m[38;2;18;14;16m▄[48;2;18;14;16m[38;2;18;14;16m▄[48;2;18;14;16m[38;2;18;14;16m▄[48;2;18;14;16m[38;2;18;14;16m▄[48;2;18;14;16m[38;2;18;14;16m▄[48;2;18;14;16m[38;2;18;14;16m▄[48;2;18;14;16m[38;2;18;14;16m▄[48;2;18;14;16m[38;2;18;14;16m▄[48;2;18;14;16m[38;2;18;14;16m▄[48;2;18;14;16m[38;2;18;14;16m▄[48;2;18;14;16m[38;2;18;14;16m▄[48;2;18;14;16m[38;2;18;14;16m▄[48;2;18;14;16m[38;2;18;14;16m▄[48;2;18;14;16m[38;2;18;14;16m▄[48;2;18;14;16m[38;2;18;14;16m▄[48;2;18;14;16m[38;2;18;14;16m▄[48;2;18;14;16m[38;2;18;14;16m▄[48;2;18;14;16m[38;2;18;14;16m▄[48;2;18;14;16m[38;2;18;14;16m▄[48;2;18;14;16m[38;2;18;14;16m▄[48;2;18;14;16m[38;2;18;14;16m▄[48;2;18;14;16m[38;2;18;14;16m▄[48;2;18;14;16m[38;2;18;14;16m▄[48;2;18;14;16m[38;2;18;14;16m▄[48;2;18;14;16m[38;2;18;14;16m▄[48;2;18;14;16m[38;2;18;14;16m▄[48;2;18;14;16m[38;2;18;14;16m▄[48;2;18;14;16m[38;2;18;14;16m▄[48;2;18;14;16m[38;2;18;14;16m▄[48;2;18;14;16m[38;2;18;14;16m▄[48;2;18;14;16m[38;2;18;14;16m▄[48;2;18;14;16m[38;2;18;14;16m▄[48;2;18;14;16m[38;2;18;14;16m▄[48;2;18;14;16m[38;2;18;14;16m▄[48;2;18;14;16m[38;2;18;14;16m▄[48;2;18;14;16m[38;2;18;14;16m▄[48;2;18;14;16m[38;2;18;14;16m▄[48;2;18;14;16m[38;2;18;14;16m▄[48;2;18;14;16m[38;2;18;14;16m▄[m
[48;2;18;14;16m[38;2;18;14;16m▄[48;2;18;14;16m[38;2;18;14;16m▄[48;2;18;14;16m[38;2;18;14;16m▄[48;2;18;14;16m[38;2;18;14;16m▄[48;2;18;14;16m[38;2;18;14;16m▄[48;2;18;14;16m[38;2;18;14;16m▄[48;2;18;14;16m[38;2;18;14;16m▄[48;2;18;14;16m[38;2;18;14;16m▄[48;2;18;14;16m[38;2;18;14;16m▄[48;2;18;14;16m[38;2;18;14;16m▄[48;2;18;14;16m[38;2;18;14;16m▄[48;2;18;14;16m[38;2;18;14;16m▄[48;2;18;14;16m[38;2;18;14;16m▄[48;2;18;14;16m[38;2;18;14;16m▄[48;2;18;14;16m[38;2;18;14;16m▄[48;2;18;14;16m[38;2;18;14;16m▄[48;2;18;14;16m[38;2;18;14;16m▄[48;2;18;14;16m[38;2;18;14;16m▄[48;2;18;14;16m[38;2;18;14;16m▄[48;2;18;14;16m[38;2;18;14;16m▄[48;2;18;14;16m[38;2;18;14;16m▄[48;2;18;14;16m[38;2;18;14;16m▄[48;2;18;14;16m[38;2;18;14;16m▄[48;2;18;14;16m[38;2;18;14;16m▄[48;2;18;14;16m[38;2;18;14;16m▄[48;2;18;14;16m[38;2;18;14;16m▄[48;2;18;14;16m[38;2;18;14;16m▄[48;2;18;14;16m[38;2;18;14;16m▄[48;2;18;14;16m[38;2;18;14;16m▄[48;2;18;14;16m[38;2;18;14;16m▄[48;2;18;14;16m[38;2;18;14;16m▄[48;2;18;14;16m[38;2;18;14;16m▄[48;2;18;14;16m[38;2;18;14;16m▄[48;2;18;14;16m[38;2;18;14;16m▄[48;2;18;14;16m[38;2;18;14;16m▄[48;2;18;14;16m[38;2;18;14;16m▄[48;2;18;14;16m[38;2;21;17;19m▄[48;2;94;87;86m[38;2;193;192;193m▄[48;2;129;128;130m[38;2;244;242;240m▄[48;2;140;132;129m[38;2;224;220;215m▄[48;2;101;97;98m[38;2;241;239;237m▄[48;2;56;51;52m[38;2;195;156;119m▄[48;2;18;14;16m[38;2;96;85;77m▄[48;2;87;83;84m[38;2;211;205;200m▄[48;2;87;85;86m[38;2;232;227;223m▄[48;2;25;22;24m[38;2;178;166;158m▄[48;2;18;14;16m[38;2;175;165;158m▄[48;2;18;14;16m[38;2;135;129;126m▄[48;2;18;14;16m[38;2;70;66;67m▄[48;2;18;14;16m[38;2;43;38;40m▄[48;2;18;14;16m[38;2;23;19;21m▄[48;2;18;14;16m[38;2;18;14;16m▄[48;2;18;14;16m[38;2;18;14;16m▄[48;2;18;14;16m[38;2;18;14;16m▄[48;2;18;14;16m[38;2;18;14;16m▄[48;2;18;14;16m[38;2;18;14;16m▄[48;2;18;14;16m[38;2;18;14;16m▄[48;2;18;14;16m[38;2;18;14;16m▄[48;2;18;14;16m[38;2;18;14;16m▄[m
[48;2;57;42;33m[38;2;188;117;48m▄[48;2;78;57;39m[38;2;187;115;44m▄[48;2;65;48;35m[38;2;175;110;46m▄[48;2;65;45;29m[38;2;162;102;44m▄[48;2;77;53;34m[38;2;181;112;45m▄[48;2;85;60;39m[38;2;190;123;54m▄[48;2;78;54;35m[38;2;187;124;58m▄[48;2;78;55;37m[38;2;191;131;65m▄[48;2;77;54;36m[38;2;195;128;57m▄[48;2;76;57;43m[38;2;192;123;53m▄[48;2;61;46;35m[38;2;213;145;70m▄[48;2;41;34;33m[38;2;189;123;56m▄[48;2;53;43;39m[38;2;196;128;57m▄[48;2;35;29;28m[38;2;199;129;57m▄[48;2;63;49;41m[38;2;198;131;61m▄[48;2;60;47;37m[38;2;191;129;64m▄[48;2;60;45;35m[38;2;194;139;80m▄[48;2;32;27;28m[38;2;194;139;79m▄[48;2;34;30;31m[38;2;188;126;61m▄[48;2;36;31;32m[38;2;162;116;68m▄[48;2;47;39;35m[38;2;144;106;67m▄[48;2;46;37;33m[38;2;142;96;49m▄[48;2;50;42;38m[38;2;197;147;89m▄[48;2;32;28;30m[38;2;127;85;47m▄[48;2;36;32;33m[38;2;115;80;46m▄[48;2;34;30;32m[38;2;141;99;57m▄[48;2;38;34;35m[38;2;115;85;58m▄[48;2;34;30;31m[38;2;88;68;51m▄[48;2;36;32;33m[38;2;90;72;57m▄[48;2;33;29;31m[38;2;83;60;41m▄[48;2;33;29;31m[38;2;56;42;34m▄[48;2;22;18;19m[38;2;125;93;59m▄[48;2;18;14;16m[38;2;94;76;58m▄[48;2;18;14;16m[38;2;46;40;40m▄[48;2;18;14;16m[38;2;73;62;56m▄[48;2;18;14;16m[38;2;132;101;71m▄[48;2;68;57;51m[38;2;148;99;53m▄[48;2;155;151;148m[38;2;117;89;63m▄[48;2;240;241;241m[38;2;134;95;59m▄[48;2;242;239;235m[38;2;130;120;112m▄[48;2;245;236;224m[38;2;220;172;119m▄[48;2;209;140;70m[38;2;192;143;94m▄[48;2;151;106;68m[38;2;230;215;201m▄[48;2;197;165;137m[38;2;221;198;178m▄[48;2;208;189;173m[38;2;201;181;163m▄[48;2;224;218;215m[38;2;204;180;160m▄[48;2;214;201;190m[38;2;198;177;163m▄[48;2;178;159;146m[38;2;201;184;172m▄[48;2;169;154;145m[38;2;208;197;189m▄[48;2;224;217;212m[38;2;212;211;212m▄[48;2;210;209;210m[38;2;91;89;91m▄[48;2;182;182;183m[38;2;88;86;88m▄[48;2;146;141;140m[38;2;208;207;208m▄[48;2;95;89;86m[38;2;204;205;208m▄[48;2;56;52;53m[38;2;113;115;120m▄[48;2;18;14;16m[38;2;18;14;16m▄[48;2;18;14;16m[38;2;18;14;16m▄[48;2;18;14;16m[38;2;18;14;16m▄[48;2;18;14;16m[38;2;18;14;16m▄[m
[48;2;217;141;62m[38;2;231;174;106m▄[48;2;202;125;51m[38;2;235;165;84m▄[48;2;207;136;64m[38;2;230;158;76m▄[48;2;217;152;79m[38;2;228;161;84m▄[48;2;230;157;75m[38;2;234;180;109m▄[48;2;234;165;84m[38;2;239;178;99m▄[48;2;232;164;84m[38;2;233;168;89m▄[48;2;231;161;79m[38;2;213;151;83m▄[48;2;218;152;79m[38;2;222;164;97m▄[48;2;207;139;66m[38;2;237;194;134m▄[48;2;207;147;81m[38;2;228;176;112m▄[48;2;210;145;75m[38;2;229;163;88m▄[48;2;215;152;82m[38;2;206;157;107m▄[48;2;236;169;89m[38;2;201;144;85m▄[48;2;230;163;84m[38;2;209;145;78m▄[48;2;238;177;99m[38;2;201;137;72m▄[48;2;235;174;97m[38;2;199;144;91m▄[48;2;223;167;99m[38;2;211;152;90m▄[48;2;228;164;87m[38;2;230;180;116m▄[48;2;230;172;101m[38;2;200;148;94m▄[48;2;222;169;103m[38;2;201;154;108m▄[48;2;240;192;127m[38;2;241;214;173m▄[48;2;238;200;147m[38;2;235;200;151m▄[48;2;234;179;108m[38;2;227;189;142m▄[48;2;223;168;104m[38;2;212;174;132m▄[48;2;214;168;112m[38;2;217;174;124m▄[48;2;199;146;88m[38;2;228;174;112m▄[48;2;185;142;93m[38;2;220;176;126m▄[48;2;181;146;108m[38;2;205;170;133m▄[48;2;186;143;99m[38;2;197;170;141m▄[48;2;165;134;104m[38;2;209;177;140m▄[48;2;221;177;116m[38;2;241;209;162m▄[48;2;152;116;85m[38;2;195;151;109m▄[48;2;146;119;95m[38;2;182;145;109m▄[48;2;191;147;100m[38;2;243;215;173m▄[48;2;225;170;104m[38;2;228;189;142m▄[48;2;204;146;86m[38;2;205;150;93m▄[48;2;132;90;52m[38;2;192;138;83m▄[48;2;188;145;103m[38;2;217;182;139m▄[48;2;189;140;87m[38;2;223;173;115m▄[48;2;179;124;70m[38;2;189;127;65m▄[48;2;156;128;99m[38;2;91;70;53m▄[48;2;240;230;216m[38;2;241;232;223m▄[48;2;223;200;177m[38;2;227;204;180m▄[48;2;204;176;150m[38;2;217;191;166m▄[48;2;206;175;151m[38;2;227;206;184m▄[48;2;204;179;160m[38;2;205;173;146m▄[48;2;199;180;164m[38;2;200;169;145m▄[48;2;208;185;167m[38;2;208;192;178m▄[48;2;237;236;237m[38;2;219;210;201m▄[48;2;244;244;244m[38;2;182;182;184m▄[48;2;228;228;230m[38;2;69;66;68m▄[48;2;141;140;142m[38;2;18;14;16m▄[48;2;90;89;93m[38;2;18;14;16m▄[48;2;23;20;22m[38;2;18;14;16m▄[48;2;18;14;16m[38;2;18;14;16m▄[48;2;18;14;16m[38;2;18;14;16m▄[48;2;18;14;16m[38;2;18;14;16m▄[48;2;18;14;16m[38;2;18;14;16m▄[m
[48;2;141;100;60m[38;2;45;36;33m▄[48;2;137;95;56m[38;2;50;44;42m▄[48;2;137;88;42m[38;2;42;35;33m▄[48;2;180;118;54m[38;2;46;40;40m▄[48;2;169;109;52m[38;2;54;43;38m▄[48;2;176;113;50m[38;2;82;64;51m▄[48;2;160;106;55m[38;2;73;60;52m▄[48;2;154;109;67m[38;2;72;57;47m▄[48;2;170;122;77m[38;2;62;53;49m▄[48;2;180;132;84m[38;2;43;37;35m▄[48;2;162;117;72m[38;2;40;36;36m▄[48;2;163;115;69m[38;2;41;34;33m▄[48;2;162;107;58m[38;2;49;40;36m▄[48;2;166;114;65m[38;2;61;53;48m▄[48;2;139;98;59m[38;2;43;36;34m▄[48;2;127;85;48m[38;2;46;37;32m▄[48;2;109;80;54m[38;2;52;44;40m▄[48;2;126;96;69m[38;2;47;41;40m▄[48;2;102;88;77m[38;2;36;32;34m▄[48;2;125;92;63m[38;2;32;28;30m▄[48;2;124;94;66m[38;2;55;51;53m▄[48;2;208;169;123m[38;2;73;66;62m▄[48;2;190;151;107m[38;2;52;49;50m▄[48;2;166;129;90m[38;2;47;41;40m▄[48;2;184;153;119m[38;2;60;54;53m▄[48;2;113;89;69m[38;2;34;31;33m▄[48;2;167;118;71m[38;2;39;35;37m▄[48;2;170;124;77m[38;2;35;31;32m▄[48;2;157;127;97m[38;2;40;36;39m▄[48;2;136;103;71m[38;2;36;33;36m▄[48;2;148;119;92m[38;2;35;33;36m▄[48;2;184;153;118m[38;2;34;32;35m▄[48;2;112;85;61m[38;2;37;35;38m▄[48;2;144;115;86m[38;2;23;19;21m▄[48;2;201;172;134m[38;2;18;14;16m▄[48;2;156;131;105m[38;2;22;18;20m▄[48;2;118;81;46m[38;2;133;117;102m▄[48;2;177;125;74m[38;2;218;198;177m▄[48;2;214;169;119m[38;2;239;230;218m▄[48;2;186;141;97m[38;2;240;231;220m▄[48;2;186;120;60m[38;2;219;191;165m▄[48;2;109;66;28m[38;2;163;117;73m▄[48;2;194;184;176m[38;2;109;99;92m▄[48;2;234;217;198m[38;2;237;231;222m▄[48;2;234;213;188m[38;2;246;245;243m▄[48;2;226;202;178m[38;2;163;156;151m▄[48;2;216;198;180m[38;2;93;89;89m▄[48;2;186;177;169m[38;2;22;18;20m▄[48;2;68;65;67m[38;2;18;14;16m▄[48;2;32;28;31m[38;2;18;14;16m▄[48;2;18;14;16m[38;2;18;14;16m▄[48;2;18;14;16m[38;2;18;14;16m▄[48;2;18;14;16m[38;2;18;14;16m▄[48;2;18;14;16m[38;2;18;14;16m▄[48;2;18;14;16m[38;2;18;14;16m▄[48;2;18;14;16m[38;2;18;14;16m▄[48;2;18;14;16m[38;2;18;14;16m▄[48;2;18;14;16m[38;2;18;14;16m▄[48;2;18;14;16m[38;2;18;14;16m▄[m
[48;2;18;14;16m[38;2;18;14;16m▄[48;2;18;14;16m[38;2;18;14;16m▄[48;2;18;14;16m[38;2;18;14;16m▄[48;2;18;14;16m[38;2;18;14;16m▄[48;2;18;14;16m[38;2;18;14;16m▄[48;2;18;14;16m[38;2;18;14;16m▄[48;2;18;14;16m[38;2;18;14;16m▄[48;2;18;14;16m[38;2;18;14;16m▄[48;2;18;14;16m[38;2;18;14;16m▄[48;2;18;14;16m[38;2;18;14;16m▄[48;2;18;14;16m[38;2;18;14;16m▄[48;2;18;14;16m[38;2;18;14;16m▄[48;2;18;14;16m[38;2;18;14;16m▄[48;2;18;14;16m[38;2;18;14;16m▄[48;2;18;14;16m[38;2;18;14;16m▄[48;2;18;14;16m[38;2;18;14;16m▄[48;2;18;14;16m[38;2;18;14;16m▄[48;2;18;14;16m[38;2;18;14;16m▄[48;2;18;14;16m[38;2;18;14;16m▄[48;2;18;14;16m[38;2;18;14;16m▄[48;2;18;14;16m[38;2;18;14;16m▄[48;2;18;14;16m[38;2;18;14;16m▄[48;2;18;14;16m[38;2;18;14;16m▄[48;2;18;14;16m[38;2;18;14;16m▄[48;2;18;14;16m[38;2;18;14;16m▄[48;2;18;14;16m[38;2;18;14;16m▄[48;2;18;14;16m[38;2;18;14;16m▄[48;2;18;14;16m[38;2;18;14;16m▄[48;2;18;14;16m[38;2;18;14;16m▄[48;2;18;14;16m[38;2;18;14;16m▄[48;2;18;14;16m[38;2;18;14;16m▄[48;2;18;14;16m[38;2;18;14;16m▄[48;2;18;14;16m[38;2;18;14;16m▄[48;2;18;14;16m[38;2;18;14;16m▄[48;2;18;14;16m[38;2;18;14;16m▄[48;2;18;14;16m[38;2;18;14;16m▄[48;2;30;26;28m[38;2;18;14;16m▄[48;2;232;227;221m[38;2;99;97;99m▄[48;2;238;220;195m[38;2;135;126;120m▄[48;2;205;179;152m[38;2;78;73;73m▄[48;2;197;181;169m[38;2;62;61;65m▄[48;2;138;130;126m[38;2;26;23;25m▄[48;2;28;24;25m[38;2;18;14;16m▄[48;2;43;40;42m[38;2;18;14;16m▄[48;2;67;65;67m[38;2;18;14;16m▄[48;2;18;14;16m[38;2;18;14;16m▄[48;2;18;14;16m[38;2;18;14;16m▄[48;2;18;14;16m[38;2;18;14;16m▄[48;2;18;14;16m[38;2;18;14;16m▄[48;2;18;14;16m[38;2;18;14;16m▄[48;2;18;14;16m[38;2;18;14;16m▄[48;2;18;14;16m[38;2;18;14;16m▄[48;2;18;14;16m[38;2;18;14;16m▄[48;2;18;14;16m[38;2;18;14;16m▄[48;2;18;14;16m[38;2;18;14;16m▄[48;2;18;14;16m[38;2;18;14;16m▄[48;2;18;14;16m[38;2;18;14;16m▄[48;2;18;14;16m[38;2;18;14;16m▄[48;2;18;14;16m[38;2;18;14;16m▄[m
[48;2;18;14;16m[38;2;18;14;16m▄[48;2;18;14;16m[38;2;18;14;16m▄[48;2;18;14;16m[38;2;18;14;16m▄[48;2;18;14;16m[38;2;18;14;16m▄[48;2;18;14;16m[38;2;18;14;16m▄[48;2;18;14;16m[38;2;18;14;16m▄[48;2;18;14;16m[38;2;18;14;16m▄[48;2;18;14;16m[38;2;18;14;16m▄[48;2;18;14;16m[38;2;18;14;16m▄[48;2;18;14;16m[38;2;18;14;16m▄[48;2;18;14;16m[38;2;18;14;16m▄[48;2;18;14;16m[38;2;18;14;16m▄[48;2;18;14;16m[38;2;18;14;16m▄[48;2;18;14;16m[38;2;18;14;16m▄[48;2;18;14;16m[38;2;18;14;16m▄[48;2;18;14;16m[38;2;18;14;16m▄[48;2;18;14;16m[38;2;18;14;16m▄[48;2;18;14;16m[38;2;18;14;16m▄[48;2;18;14;16m[38;2;18;14;16m▄[48;2;18;14;16m[38;2;18;14;16m▄[48;2;18;14;16m[38;2;18;14;16m▄[48;2;18;14;16m[38;2;18;14;16m▄[48;2;18;14;16m[38;2;18;14;16m▄[48;2;18;14;16m[38;2;18;14;16m▄[48;2;18;14;16m[38;2;18;14;16m▄[48;2;18;14;16m[38;2;18;14;16m▄[48;2;18;14;16m[38;2;18;14;16m▄[48;2;18;14;16m[38;2;18;14;16m▄[48;2;18;14;16m[38;2;18;14;16m▄[48;2;18;14;16m[38;2;18;14;16m▄[48;2;18;14;16m[38;2;18;14;16m▄[48;2;18;14;16m[38;2;18;14;16m▄[48;2;18;14;16m[38;2;18;14;16m▄[48;2;18;14;16m[38;2;18;14;16m▄[48;2;18;14;16m[38;2;18;14;16m▄[48;2;18;14;16m[38;2;18;14;16m▄[48;2;18;14;16m[38;2;18;14;16m▄[48;2;18;14;16m[38;2;18;14;16m▄[48;2;18;14;16m[38;2;18;14;16m▄[48;2;18;14;16m[38;2;18;14;16m▄[48;2;18;14;16m[38;2;18;14;16m▄[48;2;18;14;16m[38;2;18;14;16m▄[48;2;18;14;16m[38;2;18;14;16m▄[48;2;18;14;16m[38;2;18;14;16m▄[48;2;18;14;16m[38;2;18;14;16m▄[48;2;18;14;16m[38;2;18;14;16m▄[48;2;18;14;16m[38;2;18;14;16m▄[48;2;18;14;16m[38;2;18;14;16m▄[48;2;18;14;16m[38;2;18;14;16m▄[48;2;18;14;16m[38;2;18;14;16m▄[48;2;18;14;16m[38;2;18;14;16m▄[48;2;18;14;16m[38;2;18;14;16m▄[48;2;18;14;16m[38;2;18;14;16m▄[48;2;18;14;16m[38;2;18;14;16m▄[48;2;18;14;16m[38;2;18;14;16m▄[48;2;18;14;16m[38;2;18;14;16m▄[48;2;18;14;16m[38;2;18;14;16m▄[48;2;18;14;16m[38;2;18;14;16m▄[48;2;18;14;16m[38;2;18;14;16m▄[m
[48;2;18;14;16m[38;2;18;14;16m▄[48;2;18;14;16m[38;2;18;14;16m▄[48;2;18;14;16m[38;2;18;14;16m▄[48;2;18;14;16m[38;2;18;14;16m▄[48;2;18;14;16m[38;2;18;14;16m▄[48;2;18;14;16m[38;2;18;14;16m▄[48;2;18;14;16m[38;2;18;14;16m▄[48;2;18;14;16m[38;2;18;14;16m▄[48;2;18;14;16m[38;2;18;14;16m▄[48;2;18;14;16m[38;2;18;14;16m▄[48;2;18;14;16m[38;2;18;14;16m▄[48;2;18;14;16m[38;2;18;14;16m▄[48;2;18;14;16m[38;2;18;14;16m▄[48;2;18;14;16m[38;2;18;14;16m▄[48;2;18;14;16m[38;2;18;14;16m▄[48;2;18;14;16m[38;2;18;14;16m▄[48;2;18;14;16m[38;2;18;14;16m▄[48;2;18;14;16m[38;2;18;14;16m▄[48;2;18;14;16m[38;2;18;14;16m▄[48;2;18;14;16m[38;2;18;14;16m▄[48;2;18;14;16m[38;2;18;14;16m▄[48;2;18;14;16m[38;2;18;14;16m▄[48;2;18;14;16m[38;2;18;14;16m▄[48;2;18;14;16m[38;2;18;14;16m▄[48;2;18;14;16m[38;2;18;14;16m▄[48;2;18;14;16m[38;2;18;14;16m▄[48;2;18;14;16m[38;2;18;14;16m▄[48;2;18;14;16m[38;2;18;14;16m▄[48;2;18;14;16m[38;2;18;14;16m▄[48;2;18;14;16m[38;2;18;14;16m▄[48;2;18;14;16m[38;2;18;14;16m▄[48;2;18;14;16m[38;2;18;14;16m▄[48;2;18;14;16m[38;2;18;14;16m▄[48;2;18;14;16m[38;2;18;14;16m▄[48;2;18;14;16m[38;2;18;14;16m▄[48;2;18;14;16m[38;2;18;14;16m▄[48;2;18;14;16m[38;2;18;14;16m▄[48;2;18;14;16m[38;2;18;14;16m▄[48;2;18;14;16m[38;2;18;14;16m▄[48;2;18;14;16m[38;2;18;14;16m▄[48;2;18;14;16m[38;2;18;14;16m▄[48;2;18;14;16m[38;2;18;14;16m▄[48;2;18;14;16m[38;2;18;14;16m▄[48;2;18;14;16m[38;2;18;14;16m▄[48;2;18;14;16m[38;2;18;14;16m▄[48;2;18;14;16m[38;2;18;14;16m▄[48;2;18;14;16m[38;2;18;14;16m▄[48;2;18;14;16m[38;2;18;14;16m▄[48;2;18;14;16m[38;2;18;14;16m▄[48;2;18;14;16m[38;2;18;14;16m▄[48;2;18;14;16m[38;2;18;14;16m▄[48;2;18;14;16m[38;2;18;14;16m▄[48;2;18;14;16m[38;2;18;14;16m▄[48;2;18;14;16m[38;2;18;14;16m▄[48;2;18;14;16m[38;2;18;14;16m▄[48;2;18;14;16m[38;2;18;14;16m▄[48;2;18;14;16m[38;2;18;14;16m▄[48;2;18;14;16m[38;2;18;14;16m▄[48;2;18;14;16m[38;2;18;14;16m▄[m
[48;2;18;14;16m[38;2;18;14;16m▄[48;2;18;14;16m[38;2;18;14;16m▄[48;2;18;14;16m[38;2;18;14;16m▄[48;2;18;14;16m[38;2;18;14;16m▄[48;2;18;14;16m[38;2;18;14;16m▄[48;2;18;14;16m[38;2;18;14;16m▄[48;2;18;14;16m[38;2;18;14;16m▄[48;2;18;14;16m[38;2;18;14;16m▄[48;2;18;14;16m[38;2;18;14;16m▄[48;2;18;14;16m[38;2;18;14;16m▄[48;2;18;14;16m[38;2;18;14;16m▄[48;2;18;14;16m[38;2;18;14;16m▄[48;2;18;14;16m[38;2;18;14;16m▄[48;2;18;14;16m[38;2;18;14;16m▄[48;2;18;14;16m[38;2;18;14;16m▄[48;2;18;14;16m[38;2;18;14;16m▄[48;2;18;14;16m[38;2;18;14;16m▄[48;2;18;14;16m[38;2;18;14;16m▄[48;2;18;14;16m[38;2;18;14;16m▄[48;2;18;14;16m[38;2;18;14;16m▄[48;2;18;14;16m[38;2;18;14;16m▄[48;2;18;14;16m[38;2;18;14;16m▄[48;2;18;14;16m[38;2;18;14;16m▄[48;2;18;14;16m[38;2;18;14;16m▄[48;2;18;14;16m[38;2;18;14;16m▄[48;2;18;14;16m[38;2;18;14;16m▄[48;2;18;14;16m[38;2;18;14;16m▄[48;2;18;14;16m[38;2;18;14;16m▄[48;2;18;14;16m[38;2;18;14;16m▄[48;2;18;14;16m[38;2;18;14;16m▄[48;2;18;14;16m[38;2;18;14;16m▄[48;2;18;14;16m[38;2;18;14;16m▄[48;2;18;14;16m[38;2;18;14;16m▄[48;2;18;14;16m[38;2;18;14;16m▄[48;2;18;14;16m[38;2;18;14;16m▄[48;2;18;14;16m[38;2;18;14;16m▄[48;2;18;14;16m[38;2;18;14;16m▄[48;2;18;14;16m[38;2;18;14;16m▄[48;2;18;14;16m[38;2;18;14;16m▄[48;2;18;14;16m[38;2;18;14;16m▄[48;2;18;14;16m[38;2;18;14;16m▄[48;2;18;14;16m[38;2;18;14;16m▄[48;2;18;14;16m[38;2;18;14;16m▄[48;2;18;14;16m[38;2;18;14;16m▄[48;2;18;14;16m[38;2;18;14;16m▄[48;2;18;14;16m[38;2;18;14;16m▄[48;2;18;14;16m[38;2;18;14;16m▄[48;2;18;14;16m[38;2;18;14;16m▄[48;2;18;14;16m[38;2;18;14;16m▄[48;2;18;14;16m[38;2;18;14;16m▄[48;2;18;14;16m[38;2;18;14;16m▄[48;2;18;14;16m[38;2;18;14;16m▄[48;2;18;14;16m[38;2;18;14;16m▄[48;2;18;14;16m[38;2;18;14;16m▄[48;2;18;14;16m[38;2;18;14;16m▄[48;2;18;14;16m[38;2;18;14;16m▄[48;2;18;14;16m[38;2;18;14;16m▄[48;2;18;14;16m[38;2;18;14;16m▄[48;2;18;14;16m[38;2;18;14;16m▄[m
[48;2;18;14;16m[38;2;18;14;16m▄[48;2;18;14;16m[38;2;18;14;16m▄[48;2;18;14;16m[38;2;18;14;16m▄[48;2;18;14;16m[38;2;18;14;16m▄[48;2;18;14;16m[38;2;18;14;16m▄[48;2;18;14;16m[38;2;18;14;16m▄[48;2;18;14;16m[38;2;18;14;16m▄[48;2;18;14;16m[38;2;18;14;16m▄[48;2;18;14;16m[38;2;18;14;16m▄[48;2;18;14;16m[38;2;18;14;16m▄[48;2;18;14;16m[38;2;18;14;16m▄[48;2;18;14;16m[38;2;18;14;16m▄[48;2;18;14;16m[38;2;18;14;16m▄[48;2;18;14;16m[38;2;18;14;16m▄[48;2;18;14;16m[38;2;18;14;16m▄[48;2;18;14;16m[38;2;18;14;16m▄[48;2;18;14;16m[38;2;18;14;16m▄[48;2;18;14;16m[38;2;18;14;16m▄[48;2;18;14;16m[38;2;18;14;16m▄[48;2;18;14;16m[38;2;18;14;16m▄[48;2;18;14;16m[38;2;18;14;16m▄[48;2;18;14;16m[38;2;18;14;16m▄[48;2;18;14;16m[38;2;18;14;16m▄[48;2;18;14;16m[38;2;18;14;16m▄[48;2;18;14;16m[38;2;18;14;16m▄[48;2;18;14;16m[38;2;18;14;16m▄[48;2;18;14;16m[38;2;18;14;16m▄[48;2;18;14;16m[38;2;18;14;16m▄[48;2;18;14;16m[38;2;18;14;16m▄[48;2;18;14;16m[38;2;18;14;16m▄[48;2;18;14;16m[38;2;18;14;16m▄[48;2;18;14;16m[38;2;18;14;16m▄[48;2;18;14;16m[38;2;18;14;16m▄[48;2;18;14;16m[38;2;18;14;16m▄[48;2;18;14;16m[38;2;18;14;16m▄[48;2;18;14;16m[38;2;18;14;16m▄[48;2;18;14;16m[38;2;18;14;16m▄[48;2;18;14;16m[38;2;18;14;16m▄[48;2;18;14;16m[38;2;18;14;16m▄[48;2;18;14;16m[38;2;18;14;16m▄[48;2;18;14;16m[38;2;18;14;16m▄[48;2;18;14;16m[38;2;18;14;16m▄[48;2;18;14;16m[38;2;18;14;16m▄[48;2;18;14;16m[38;2;18;14;16m▄[48;2;18;14;16m[38;2;18;14;16m▄[48;2;18;14;16m[38;2;18;14;16m▄[48;2;18;14;16m[38;2;18;14;16m▄[48;2;18;14;16m[38;2;18;14;16m▄[48;2;18;14;16m[38;2;18;14;16m▄[48;2;18;14;16m[38;2;18;14;16m▄[48;2;18;14;16m[38;2;18;14;16m▄[48;2;18;14;16m[38;2;18;14;16m▄[48;2;18;14;16m[38;2;18;14;16m▄[48;2;18;14;16m[38;2;18;14;16m▄[48;2;18;14;16m[38;2;18;14;16m▄[48;2;18;14;16m[38;2;18;14;16m▄[48;2;18;14;16m[38;2;18;14;16m▄[48;2;18;14;16m[38;2;18;14;16m▄[48;2;18;14;16m[38;2;18;14;16m▄[m
[48;2;18;14;16m[38;2;18;14;16m▄[48;2;18;14;16m[38;2;18;14;16m▄[48;2;18;14;16m[38;2;18;14;16m▄[48;2;18;14;16m[38;2;18;14;16m▄[48;2;18;14;16m[38;2;18;14;16m▄[48;2;18;14;16m[38;2;18;14;16m▄[48;2;18;14;16m[38;2;18;14;16m▄[48;2;18;14;16m[38;2;18;14;16m▄[48;2;18;14;16m[38;2;18;14;16m▄[48;2;18;14;16m[38;2;18;14;16m▄[48;2;18;14;16m[38;2;18;14;16m▄[48;2;18;14;16m[38;2;18;14;16m▄[48;2;18;14;16m[38;2;18;14;16m▄[48;2;18;14;16m[38;2;18;14;16m▄[48;2;18;14;16m[38;2;18;14;16m▄[48;2;18;14;16m[38;2;18;14;16m▄[48;2;18;14;16m[38;2;18;14;16m▄[48;2;18;14;16m[38;2;18;14;16m▄[48;2;18;14;16m[38;2;18;14;16m▄[48;2;18;14;16m[38;2;18;14;16m▄[48;2;18;14;16m[38;2;18;14;16m▄[48;2;18;14;16m[38;2;18;14;16m▄[48;2;18;14;16m[38;2;18;14;16m▄[48;2;18;14;16m[38;2;18;14;16m▄[48;2;18;14;16m[38;2;18;14;16m▄[48;2;18;14;16m[38;2;18;14;16m▄[48;2;18;14;16m[38;2;18;14;16m▄[48;2;18;14;16m[38;2;18;14;16m▄[48;2;18;14;16m[38;2;18;14;16m▄[48;2;18;14;16m[38;2;18;14;16m▄[48;2;18;14;16m[38;2;18;14;16m▄[48;2;18;14;16m[38;2;18;14;16m▄[48;2;18;14;16m[38;2;18;14;16m▄[48;2;18;14;16m[38;2;18;14;16m▄[48;2;18;14;16m[38;2;18;14;16m▄[48;2;18;14;16m[38;2;18;14;16m▄[48;2;18;14;16m[38;2;18;14;16m▄[48;2;18;14;16m[38;2;18;14;16m▄[48;2;18;14;16m[38;2;18;14;16m▄[48;2;18;14;16m[38;2;18;14;16m▄[48;2;18;14;16m[38;2;18;14;16m▄[48;2;18;14;16m[38;2;18;14;16m▄[48;2;18;14;16m[38;2;18;14;16m▄[48;2;18;14;16m[38;2;18;14;16m▄[48;2;18;14;16m[38;2;18;14;16m▄[48;2;18;14;16m[38;2;18;14;16m▄[48;2;18;14;16m[38;2;18;14;16m▄[48;2;18;14;16m[38;2;18;14;16m▄[48;2;18;14;16m[38;2;18;14;16m▄[48;2;18;14;16m[38;2;18;14;16m▄[48;2;18;14;16m[38;2;18;14;16m▄[48;2;18;14;16m[38;2;18;14;16m▄[48;2;18;14;16m[38;2;18;14;16m▄[48;2;18;14;16m[38;2;18;14;16m▄[48;2;18;14;16m[38;2;18;14;16m▄[48;2;18;14;16m[38;2;18;14;16m▄[48;2;18;14;16m[38;2;18;14;16m▄[48;2;18;14;16m[38;2;18;14;16m▄[48;2;18;14;16m[38;2;18;14;16m▄[m
[48;2;18;14;16m[38;2;18;14;16m▄[48;2;18;14;16m[38;2;18;14;16m▄[48;2;18;14;16m[38;2;18;14;16m▄[48;2;18;14;16m[38;2;18;14;16m▄[48;2;18;14;16m[38;2;18;14;16m▄[48;2;18;14;16m[38;2;18;14;16m▄[48;2;18;14;16m[38;2;18;14;16m▄[48;2;18;14;16m[38;2;18;14;16m▄[48;2;18;14;16m[38;2;18;14;16m▄[48;2;18;14;16m[38;2;18;14;16m▄[48;2;18;14;16m[38;2;18;14;16m▄[48;2;18;14;16m[38;2;18;14;16m▄[48;2;18;14;16m[38;2;18;14;16m▄[48;2;18;14;16m[38;2;18;14;16m▄[48;2;18;14;16m[38;2;18;14;16m▄[48;2;18;14;16m[38;2;18;14;16m▄[48;2;18;14;16m[38;2;18;14;16m▄[48;2;18;14;16m[38;2;18;14;16m▄[48;2;18;14;16m[38;2;18;14;16m▄[48;2;18;14;16m[38;2;18;14;16m▄[48;2;18;14;16m[38;2;18;14;16m▄[48;2;18;14;16m[38;2;18;14;16m▄[48;2;18;14;16m[38;2;18;14;16m▄[48;2;18;14;16m[38;2;18;14;16m▄[48;2;18;14;16m[38;2;18;14;16m▄[48;2;18;14;16m[38;2;18;14;16m▄[48;2;18;14;16m[38;2;18;14;16m▄[48;2;18;14;16m[38;2;18;14;16m▄[48;2;18;14;16m[38;2;18;14;16m▄[48;2;18;14;16m[38;2;18;14;16m▄[48;2;18;14;16m[38;2;18;14;16m▄[48;2;18;14;16m[38;2;18;14;16m▄[48;2;18;14;16m[38;2;18;14;16m▄[48;2;18;14;16m[38;2;18;14;16m▄[48;2;18;14;16m[38;2;18;14;16m▄[48;2;18;14;16m[38;2;18;14;16m▄[48;2;18;14;16m[38;2;18;14;16m▄[48;2;18;14;16m[38;2;18;14;16m▄[48;2;18;14;16m[38;2;18;14;16m▄[48;2;18;14;16m[38;2;18;14;16m▄[48;2;18;14;16m[38;2;18;14;16m▄[48;2;18;14;16m[38;2;18;14;16m▄[48;2;18;14;16m[38;2;18;14;16m▄[48;2;18;14;16m[38;2;18;14;16m▄[48;2;18;14;16m[38;2;18;14;16m▄[48;2;18;14;16m[38;2;18;14;16m▄[48;2;18;14;16m[38;2;18;14;16m▄[48;2;18;14;16m[38;2;18;14;16m▄[48;2;18;14;16m[38;2;18;14;16m▄[48;2;18;14;16m[38;2;18;14;16m▄[48;2;18;14;16m[38;2;18;14;16m▄[48;2;18;14;16m[38;2;18;14;16m▄[48;2;18;14;16m[38;2;18;14;16m▄[48;2;18;14;16m[38;2;18;14;16m▄[48;2;18;14;16m[38;2;18;14;16m▄[48;2;18;14;16m[38;2;18;14;16m▄[48;2;18;14;16m[38;2;18;14;16m▄[48;2;18;14;16m[38;2;18;14;16m▄[48;2;18;14;16m[38;2;18;14;16m▄[m
[48;2;18;14;16m[38;2;18;14;16m▄[48;2;18;14;16m[38;2;18;14;16m▄[48;2;18;14;16m[38;2;18;14;16m▄[48;2;18;14;16m[38;2;18;14;16m▄[48;2;18;14;16m[38;2;18;14;16m▄[48;2;18;14;16m[38;2;18;14;16m▄[48;2;18;14;16m[38;2;18;14;16m▄[48;2;18;14;16m[38;2;18;14;16m▄[48;2;18;14;16m[38;2;18;14;16m▄[48;2;18;14;16m[38;2;18;14;16m▄[48;2;18;14;16m[38;2;18;14;16m▄[48;2;18;14;16m[38;2;18;14;16m▄[48;2;18;14;16m[38;2;18;14;16m▄[48;2;18;14;16m[38;2;18;14;16m▄[48;2;18;14;16m[38;2;18;14;16m▄[48;2;18;14;16m[38;2;18;14;16m▄[48;2;18;14;16m[38;2;18;14;16m▄[48;2;18;14;16m[38;2;18;14;16m▄[48;2;18;14;16m[38;2;18;14;16m▄[48;2;18;14;16m[38;2;18;14;16m▄[48;2;18;14;16m[38;2;18;14;16m▄[48;2;18;14;16m[38;2;18;14;16m▄[48;2;18;14;16m[38;2;18;14;16m▄[48;2;18;14;16m[38;2;18;14;16m▄[48;2;18;14;16m[38;2;18;14;16m▄[48;2;18;14;16m[38;2;18;14;16m▄[48;2;18;14;16m[38;2;18;14;16m▄[48;2;18;14;16m[38;2;18;14;16m▄[48;2;18;14;16m[38;2;18;14;16m▄[48;2;18;14;16m[38;2;18;14;16m▄[48;2;18;14;16m[38;2;18;14;16m▄[48;2;18;14;16m[38;2;18;14;16m▄[48;2;18;14;16m[38;2;18;14;16m▄[48;2;18;14;16m[38;2;18;14;16m▄[48;2;18;14;16m[38;2;18;14;16m▄[48;2;18;14;16m[38;2;18;14;16m▄[48;2;18;14;16m[38;2;18;14;16m▄[48;2;18;14;16m[38;2;18;14;16m▄[48;2;18;14;16m[38;2;18;14;16m▄[48;2;18;14;16m[38;2;18;14;16m▄[48;2;18;14;16m[38;2;18;14;16m▄[48;2;18;14;16m[38;2;18;14;16m▄[48;2;18;14;16m[38;2;18;14;16m▄[48;2;18;14;16m[38;2;18;14;16m▄[48;2;18;14;16m[38;2;18;14;16m▄[48;2;18;14;16m[38;2;18;14;16m▄[48;2;18;14;16m[38;2;18;14;16m▄[48;2;18;14;16m[38;2;18;14;16m▄[48;2;18;14;16m[38;2;18;14;16m▄[48;2;18;14;16m[38;2;18;14;16m▄[48;2;18;14;16m[38;2;18;14;16m▄[48;2;18;14;16m[38;2;18;14;16m▄[48;2;18;14;16m[38;2;18;14;16m▄[48;2;18;14;16m[38;2;18;14;16m▄[48;2;18;14;16m[38;2;18;14;16m▄[48;2;18;14;16m[38;2;18;14;16m▄[48;2;18;14;16m[38;2;18;14;16m▄[48;2;18;14;16m[38;2;18;14;16m▄[48;2;18;14;16m[38;2;18;14;16m▄[m
[48;2;18;14;16m[38;2;18;14;16m▄[48;2;18;14;16m[38;2;18;14;16m▄[48;2;18;14;16m[38;2;18;14;16m▄[48;2;18;14;16m[38;2;18;14;16m▄[48;2;18;14;16m[38;2;18;14;16m▄[48;2;18;14;16m[38;2;18;14;16m▄[48;2;18;14;16m[38;2;18;14;16m▄[48;2;18;14;16m[38;2;18;14;16m▄[48;2;18;14;16m[38;2;18;14;16m▄[48;2;18;14;16m[38;2;18;14;16m▄[48;2;18;14;16m[38;2;18;14;16m▄[48;2;18;14;16m[38;2;18;14;16m▄[48;2;18;14;16m[38;2;18;14;16m▄[48;2;18;14;16m[38;2;18;14;16m▄[48;2;18;14;16m[38;2;18;14;16m▄[48;2;18;14;16m[38;2;18;14;16m▄[48;2;18;14;16m[38;2;18;14;16m▄[48;2;18;14;16m[38;2;18;14;16m▄[48;2;18;14;16m[38;2;18;14;16m▄[48;2;18;14;16m[38;2;18;14;16m▄[48;2;18;14;16m[38;2;18;14;16m▄[48;2;18;14;16m[38;2;18;14;16m▄[48;2;18;14;16m[38;2;18;14;16m▄[48;2;18;14;16m[38;2;18;14;16m▄[48;2;18;14;16m[38;2;18;14;16m▄[48;2;18;14;16m[38;2;18;14;16m▄[48;2;18;14;16m[38;2;18;14;16m▄[48;2;18;14;16m[38;2;18;14;16m▄[48;2;18;14;16m[38;2;18;14;16m▄[48;2;18;14;16m[38;2;18;14;16m▄[48;2;18;14;16m[38;2;18;14;16m▄[48;2;18;14;16m[38;2;18;14;16m▄[48;2;18;14;16m[38;2;18;14;16m▄[48;2;18;14;16m[38;2;18;14;16m▄[48;2;18;14;16m[38;2;18;14;16m▄[48;2;18;14;16m[38;2;18;14;16m▄[48;2;18;14;16m[38;2;18;14;16m▄[48;2;18;14;16m[38;2;18;14;16m▄[48;2;18;14;16m[38;2;18;14;16m▄[48;2;18;14;16m[38;2;18;14;16m▄[48;2;18;14;16m[38;2;18;14;16m▄[48;2;18;14;16m[38;2;18;14;16m▄[48;2;18;14;16m[38;2;18;14;16m▄[48;2;18;14;16m[38;2;18;14;16m▄[48;2;18;14;16m[38;2;18;14;16m▄[48;2;18;14;16m[38;2;18;14;16m▄[48;2;18;14;16m[38;2;18;14;16m▄[48;2;18;14;16m[38;2;18;14;16m▄[48;2;18;14;16m[38;2;18;14;16m▄[48;2;18;14;16m[38;2;18;14;16m▄[48;2;18;14;16m[38;2;18;14;16m▄[48;2;18;14;16m[38;2;18;14;16m▄[48;2;18;14;16m[38;2;18;14;16m▄[48;2;18;14;16m[38;2;18;14;16m▄[48;2;18;14;16m[38;2;18;14;16m▄[48;2;18;14;16m[38;2;18;14;16m▄[48;2;18;14;16m[38;2;18;14;16m▄[48;2;18;14;16m[38;2;18;14;16m▄[48;2;18;14;16m[38;2;18;14;16m▄[m
[?25h