[s[?25l[48;2;99;102;44m[38;2;95;95;42m▄[48;2;110;112;69m[38;2;73;74;43m▄[48;2;106;113;52m[38;2;141;144;113m▄[48;2;91;97;38m[38;2;129;130;98m▄[48;2;108;118;32m[38;2;113;119;56m▄[48;2;136;144;75m[38;2;133;139;70m▄[48;2;148;153;106m[38;2;155;166;98m▄[48;2;143;143;111m[38;2;123;135;38m▄[48;2;110;112;75m[38;2;104;105;63m▄[48;2;104;105;58m[38;2;117;120;77m▄[48;2;100;104;52m[38;2;130;132;97m▄[48;2;108;114;48m[38;2;125;130;86m▄[48;2;102;108;40m[38;2;135;140;96m▄[48;2;145;151;104m[38;2;112;117;66m▄[48;2;146;149;115m[38;2;110;113;67m▄[48;2;137;141;102m[38;2;140;146;79m▄[48;2;121;126;83m[38;2;133;136;86m▄[48;2;145;152;104m[38;2;125;128;87m▄[48;2;153;158;131m[38;2;122;133;84m▄[48;2;155;159;135m[38;2;95;104;48m▄[48;2;112;119;79m[38;2;76;86;25m▄[48;2;125;133;105m[38;2;96;101;62m▄[48;2;104;112;80m[38;2;97;104;60m▄[48;2;69;75;32m[38;2;67;75;22m▄[48;2;64;73;23m[38;2;73;82;31m▄[48;2;66;75;23m[38;2;71;79;27m▄[48;2;68;76;28m[38;2;62;71;19m▄[48;2;71;76;34m[38;2;60;69;18m▄[48;2;79;84;40m[38;2;76;82;36m▄[48;2;111;109;79m[38;2;82;76;49m▄[48;2;92;88;58m[38;2;86;83;58m▄[48;2;124;125;101m[38;2;143;147;126m▄[48;2;80;87;52m[38;2;81;88;44m▄[48;2;129;136;114m[38;2;85;91;49m▄[48;2;89;98;60m[38;2;91;95;70m▄[48;2;81;88;34m[38;2;65;67;38m▄[48;2;75;80;47m[38;2;133;137;121m▄[48;2;85;92;54m[38;2;135;141;116m▄[48;2;56;64;22m[38;2;74;82;50m▄[48;2;70;78;43m[38;2;84;94;63m▄[48;2;74;83;41m[38;2;112;120;103m▄[48;2;59;70;22m[38;2;71;81;46m▄[48;2;50;62;18m[38;2;72;82;41m▄[48;2;79;91;48m[38;2;79;91;37m▄[48;2;82;84;43m[38;2;86;90;48m▄[48;2;94;98;75m[38;2;78;85;38m▄[48;2;118;120;103m[38;2;84;90;40m▄[48;2;93;97;75m[38;2;64;68;34m▄[48;2;115;118;102m[38;2;108;113;85m▄[48;2;102;109;91m[38;2;80;86;64m▄[48;2;76;82;38m[38;2;87;92;48m▄[48;2;82;86;49m[38;2;71;78;40m▄[48;2;48;61;24m[38;2;62;70;38m▄[48;2;34;42;17m[38;2;35;43;14m▄[48;2;37;46;20m[38;2;41;50;23m▄[48;2;33;43;12m[38;2;65;73;40m▄[48;2;59;68;30m[38;2;62;71;31m▄[48;2;56;69;24m[38;2;62;76;30m▄[48;2;67;81;25m[38;2;62;77;24m▄[48;2;110;121;72m[38;2;69;84;21m▄[m
[48;2;66;70;28m[38;2;91;97;51m▄[48;2;123;126;81m[38;2;119;123;68m▄[48;2;116;120;78m[38;2;111;115;63m▄[48;2;141;142;108m[38;2;114;116;79m▄[48;2;104;108;60m[38;2;99;103;51m▄[48;2;120;121;77m[38;2;104;109;57m▄[48;2;140;148;59m[38;2;126;135;58m▄[48;2;137;144;54m[38;2;131;145;33m▄[48;2;141;149;84m[38;2;96;107;25m▄[48;2;163;166;120m[38;2;112;115;65m▄[48;2;133;138;83m[38;2;94;95;49m▄[48;2;112;124;33m[38;2;111;120;43m▄[48;2;147;155;92m[38;2;126;133;63m▄[48;2;135;143;80m[38;2;131;144;84m▄[48;2;140;147;85m[38;2;136;152;94m▄[48;2;127;131;71m[38;2;120;124;75m▄[48;2;118;120;81m[38;2;121;123;77m▄[48;2;119;122;70m[38;2;138;143;87m▄[48;2;128;129;78m[38;2;137;140;89m▄[48;2;101;110;61m[38;2;116;122;65m▄[48;2;94;101;51m[38;2;69;72;32m▄[48;2;67;69;22m[38;2;64;66;34m▄[48;2;75;84;28m[38;2;77;88;37m▄[48;2;81;89;35m[38;2;102;112;63m▄[48;2;82;89;47m[38;2;92;101;55m▄[48;2;66;74;26m[38;2;85;93;43m▄[48;2;84;91;51m[38;2;89;96;50m▄[48;2;93;101;66m[38;2;56;62;22m▄[48;2;100;104;53m[38;2;72;73;31m▄[48;2;108;101;69m[38;2;94;95;56m▄[48;2;102;109;76m[38;2;104;112;62m▄[48;2;115;122;89m[38;2;96;103;49m▄[48;2;109;118;60m[38;2;89;98;42m▄[48;2;96;95;64m[38;2;66;72;32m▄[48;2;86;86;63m[38;2;97;102;69m▄[48;2;74;77;46m[38;2;81;86;57m▄[48;2;108;115;99m[38;2;101;110;85m▄[48;2;108;112;98m[38;2;106;111;90m▄[48;2;121;124;111m[38;2;113;116;102m▄[48;2;151;155;147m[38;2;126;134;118m▄[48;2;94;100;70m[38;2;77;83;50m▄[48;2;67;76;34m[38;2;102;108;73m▄[48;2;61;69;25m[38;2;76;84;31m▄[48;2;82;91;43m[38;2;59;68;21m▄[48;2;73;76;35m[38;2;79;82;36m▄[48;2;91;95;61m[38;2;88;88;51m▄[48;2;72;75;38m[38;2;75;81;43m▄[48;2;70;78;38m[38;2;72;81;39m▄[48;2;101;109;86m[38;2;147;152;138m▄[48;2;72;73;48m[38;2;79;79;54m▄[48;2;91;96;54m[38;2;71;75;32m▄[48;2;86;93;62m[38;2;85;93;51m▄[48;2;76;84;54m[38;2;62;70;36m▄[48;2;63;71;31m[38;2;58;67;28m▄[48;2;69;79;33m[38;2;68;75;35m▄[48;2;100;110;61m[38;2;68;76;32m▄[48;2;77;87;38m[38;2;54;69;11m▄[48;2;105;117;79m[38;2;62;78;19m▄[48;2;113;125;85m[38;2;106;120;64m▄[48;2;66;78;32m[38;2;107;121;58m▄[m
[48;2;103;107;72m[38;2;121;126;62m▄[48;2;140;142;93m[38;2;127;133;66m▄[48;2;117;120;66m[38;2;121;122;74m▄[48;2;112;111;77m[38;2;149;150;106m▄[48;2;109;108;73m[38;2;159;159;118m▄[48;2;89;92;48m[38;2;148;151;104m▄[48;2;100;103;58m[38;2;113;115;70m▄[48;2;92;93;59m[38;2;111;116;64m▄[48;2;88;94;32m[38;2;95;100;49m▄[48;2;96;101;28m[38;2;93;98;42m▄[48;2;139;131;74m[38;2;122;126;76m▄[48;2;137;142;74m[38;2;124;131;77m▄[48;2;117;127;36m[38;2;137;145;83m▄[48;2;122;128;71m[38;2;136;142;91m▄[48;2;115;120;75m[38;2;98;106;45m▄[48;2;104;108;68m[38;2;112;122;53m▄[48;2;130;137;90m[38;2;105;116;55m▄[48;2;135;140;85m[38;2;106;112;53m▄[48;2;107;112;53m[38;2;108;117;57m▄[48;2;89;94;42m[38;2;120;124;82m▄[48;2;70;77;26m[38;2;77;85;28m▄[48;2;90;100;52m[38;2;77;88;31m▄[48;2;114;122;80m[38;2;105;115;66m▄[48;2;82;90;50m[38;2;84;93;44m▄[48;2;76;84;37m[38;2;79;89;40m▄[48;2;81;90;36m[38;2;94;103;52m▄[48;2;82;90;39m[38;2;67;75;24m▄[48;2;75;78;38m[38;2;91;95;51m▄[48;2;72;70;39m[38;2;78;77;36m▄[48;2;80;83;55m[38;2;123;128;93m▄[48;2;93;99;49m[38;2;161;163;131m▄[48;2;88;95;47m[38;2;92;99;48m▄[48;2;71;80;24m[38;2;102;102;53m▄[48;2;80;85;48m[38;2;69;70;38m▄[48;2;99;102;71m[38;2;72;74;35m▄[48;2;95;99;65m[38;2;91;95;54m▄[48;2;77;84;49m[38;2;100;104;81m▄[48;2;112;116;98m[38;2;136;138;135m▄[48;2;109;113;94m[38;2;85;91;66m▄[48;2;107;113;78m[38;2;129;133;118m▄[48;2;97;102;63m[38;2;108;113;104m▄[48;2;95;103;69m[38;2;80;94;53m▄[48;2;118;122;103m[38;2;88;95;59m▄[48;2;87;92;48m[38;2;70;73;33m▄[48;2;93;97;53m[38;2;65;69;32m▄[48;2;74;75;29m[38;2;69;71;29m▄[48;2;141;146;131m[38;2;126;131;108m▄[48;2;122;127;101m[38;2;111;118;81m▄[48;2;89;94;62m[38;2;68;71;31m▄[48;2;83;83;51m[38;2;78;78;44m▄[48;2;114;121;86m[38;2;103;111;75m▄[48;2;118;128;92m[38;2;135;146;122m▄[48;2;98;102;82m[38;2;84;87;59m▄[48;2;76;83;39m[38;2;72;79;45m▄[48;2;48;53;23m[38;2;138;142;121m▄[48;2;71;77;41m[38;2;152;153;138m▄[48;2;60;73;20m[38;2;120;127;102m▄[48;2;53;68;10m[38;2;84;94;57m▄[48;2;72;85;28m[38;2;67;80;20m▄[48;2;69;80;22m[38;2;98;110;43m▄[m
[48;2;134;134;70m[38;2;117;116;81m▄[48;2;125;131;65m[38;2;123;129;87m▄[48;2;139;144;86m[38;2;81;84;38m▄[48;2;106;112;61m[38;2;104;110;63m▄[48;2;131;134;89m[38;2;116;120;73m▄[48;2;155;155;108m[38;2;111;113;49m▄[48;2;104;106;48m[38;2;123;127;62m▄[48;2;108;115;55m[38;2;97;101;60m▄[48;2;93;98;48m[38;2;117;123;71m▄[48;2;111;119;65m[38;2;105;110;69m▄[48;2;116;123;72m[38;2;92;98;52m▄[48;2;108;113;59m[38;2;97;104;47m▄[48;2;122;129;71m[38;2;98;101;46m▄[48;2;101;107;58m[38;2;103;107;53m▄[48;2;99;107;49m[38;2;100;104;53m▄[48;2;105;113;57m[38;2;99;108;47m▄[48;2;112;117;63m[38;2;102;108;46m▄[48;2;94;98;49m[38;2;98;103;48m▄[48;2;104;110;66m[38;2;93;101;47m▄[48;2;113;119;59m[38;2;95;101;39m▄[48;2;65;73;16m[38;2;83;93;29m▄[48;2;86;97;37m[38;2;73;85;23m▄[48;2;74;84;26m[38;2;74;85;34m▄[48;2;64;74;16m[38;2;81;93;44m▄[48;2;62;74;22m[38;2;84;94;50m▄[48;2;63;73;20m[38;2;84;90;47m▄[48;2;69;76;29m[38;2;92;94;55m▄[48;2;121;120;81m[38;2;85;82;42m▄[48;2;82;83;39m[38;2;78;80;46m▄[48;2;110;120;58m[38;2;100;113;60m▄[48;2;105;113;56m[38;2;81;90;45m▄[48;2;90;96;47m[38;2;108;116;72m▄[48;2;74;76;29m[38;2;79;83;41m▄[48;2;58;59;25m[38;2;64;65;37m▄[48;2;68;70;28m[38;2;69;70;34m▄[48;2;68;71;38m[38;2;106;108;82m▄[48;2;110;112;99m[38;2;126;129;96m▄[48;2;149;154;146m[38;2;108;109;85m▄[48;2;130;141;114m[38;2;98;103;72m▄[48;2;107;116;76m[38;2;76;82;38m▄[48;2;89;96;58m[38;2;99;101;69m▄[48;2;123;130;107m[38;2;137;133;111m▄[48;2;78;85;40m[38;2;133;134;111m▄[48;2;65;72;29m[38;2;153;152;125m▄[48;2;90;95;64m[38;2;190;184;169m▄[48;2;161;159;138m[38;2;205;198;189m▄[48;2;184;181;163m[38;2;200;192;182m▄[48;2;179;178;158m[38;2;209;202;193m▄[48;2;157;155;136m[38;2;211;204;193m▄[48;2;179;171;159m[38;2;222;216;207m▄[48;2;148;150;130m[38;2;223;220;211m▄[48;2;159;168;161m[38;2;162;163;150m▄[48;2;160;159;142m[38;2;185;182;167m▄[48;2;203;202;191m[38;2;195;192;176m▄[48;2;217;215;208m[38;2;192;188;173m▄[48;2;209;206;198m[38;2;210;208;196m▄[48;2;226;224;218m[38;2;212;213;201m▄[48;2;214;208;205m[38;2;223;221;209m▄[48;2;177;182;157m[38;2;216;213;204m▄[48;2;91;98;55m[38;2;112;113;77m▄[m
[48;2;107;108;76m[38;2;119;123;74m▄[48;2;97;101;56m[38;2;97;102;49m▄[48;2;97;101;56m[38;2;116;121;73m▄[48;2;130;139;90m[38;2;138;145;104m▄[48;2;119;123;72m[38;2;106;107;69m▄[48;2;129;131;83m[38;2;117;123;74m▄[48;2;158;159;113m[38;2;97;102;45m▄[48;2;136;141;99m[38;2;134;140;98m▄[48;2;102;103;63m[38;2;107;112;70m▄[48;2;92;93;62m[38;2;81;85;48m▄[48;2;126;132;91m[38;2;125;127;79m▄[48;2;136;143;91m[38;2;87;90;43m▄[48;2;113;118;65m[38;2;92;97;42m▄[48;2;107;112;58m[38;2;104;107;59m▄[48;2;95;100;47m[38;2;94;99;44m▄[48;2;121;125;75m[38;2;133;139;75m▄[48;2;110;116;57m[38;2;122;128;62m▄[48;2;101;107;46m[38;2;101;108;39m▄[48;2;78;88;25m[38;2;135;144;87m▄[48;2;88;96;41m[38;2;107;116;57m▄[48;2;108;115;62m[38;2;99;107;51m▄[48;2;75;87;22m[38;2;115;125;74m▄[48;2;80;90;31m[38;2;95;106;65m▄[48;2;86;94;40m[38;2;101;107;65m▄[48;2;107;120;61m[38;2;104;117;61m▄[48;2;77;83;30m[38;2;80;83;37m▄[48;2;96;97;52m[38;2;113;110;68m▄[48;2;81;77;40m[38;2;70;70;37m▄[48;2;76;79;50m[38;2;139;142;123m▄[48;2;135;147;114m[38;2;158;155;144m▄[48;2;83;90;52m[38;2;174;167;146m▄[48;2;99;100;68m[38;2;162;152;128m▄[48;2;129;122;93m[38;2;153;137;115m▄[48;2;147;139;114m[38;2;164;150;127m▄[48;2;148;140;118m[38;2;183;169;153m▄[48;2;102;105;75m[38;2;155;142;124m▄[48;2;119;116;89m[38;2;184;170;160m▄[48;2;211;199;181m[38;2;211;195;183m▄[48;2;179;171;155m[38;2;172;160;144m▄[48;2;193;190;174m[38;2;184;173;157m▄[48;2;215;210;198m[38;2;201;193;183m▄[48;2;178;171;157m[38;2;177;165;152m▄[48;2;202;193;178m[38;2;216;209;197m▄[48;2;204;198;185m[38;2;216;210;199m▄[48;2;209;203;196m[38;2;208;204;192m▄[48;2;215;210;201m[38;2;213;209;197m▄[48;2;207;201;190m[38;2;217;212;202m▄[48;2;210;204;196m[38;2;196;191;176m▄[48;2;196;192;182m[38;2;194;188;170m▄[48;2;240;235;227m[38;2;213;203;192m▄[48;2;227;222;215m[38;2;212;208;200m▄[48;2;200;191;182m[38;2;186;179;166m▄[48;2;198;191;173m[38;2;188;180;165m▄[48;2;198;196;180m[38;2;196;195;177m▄[48;2;189;187;177m[38;2;175;173;161m▄[48;2;206;204;192m[38;2;197;194;184m▄[48;2;208;207;192m[38;2;210;208;193m▄[48;2;209;206;195m[38;2;194;192;180m▄[48;2;212;207;202m[38;2;209;208;196m▄[48;2;193;185;179m[38;2;236;231;232m▄[m
[48;2;100;103;56m[38;2;97;96;65m▄[48;2;103;106;59m[38;2;91;92;57m▄[48;2;89;94;47m[38;2;98;101;58m▄[48;2;108;113;79m[38;2;87;89;56m▄[48;2;92;96;58m[38;2;144;151;117m▄[48;2;136;145;109m[38;2;131;133;99m▄[48;2;117;124;75m[38;2;123;130;87m▄[48;2;113;118;57m[38;2;117;125;75m▄[48;2;119;123;77m[38;2;138;144;102m▄[48;2;78;80;45m[38;2;131;137;97m▄[48;2;110;113;68m[38;2;115;118;73m▄[48;2;126;130;75m[38;2;99;103;50m▄[48;2;90;95;40m[38;2;114;119;60m▄[48;2;113;117;69m[38;2;123;129;76m▄[48;2;111;118;56m[38;2;130;137;79m▄[48;2;89;96;29m[38;2;106;112;50m▄[48;2;113;121;63m[38;2;119;128;71m▄[48;2;122;128;66m[38;2;120;127;70m▄[48;2;94;102;35m[38;2;74;81;29m▄[48;2;99;105;48m[38;2;92;99;47m▄[48;2;99;105;49m[38;2;101;110;50m▄[48;2;97;105;48m[38;2;109;116;60m▄[48;2;116;126;81m[38;2;95;106;51m▄[48;2;135;146;79m[38;2;83;89;38m▄[48;2;143;152;99m[38;2;97;96;68m▄[48;2;122;120;90m[38;2;100;93;75m▄[48;2;120;109;81m[38;2;149;139;115m▄[48;2;137;132;109m[38;2;179;171;152m▄[48;2;185;182;164m[38;2;193;186;173m▄[48;2;174;165;147m[38;2;182;176;162m▄[48;2;174;161;143m[38;2;190;182;169m▄[48;2;183;169;151m[38;2;186;176;163m▄[48;2;174;159;140m[38;2;181;170;154m▄[48;2;178;166;144m[38;2;179;169;155m▄[48;2;170;154;134m[38;2;193;182;169m▄[48;2;160;141;117m[38;2;169;157;136m▄[48;2;176;161;144m[38;2;150;137;120m▄[48;2;203;188;170m[38;2;178;164;147m▄[48;2;164;152;134m[38;2;144;130;113m▄[48;2;181;167;153m[38;2;192;179;164m▄[48;2;212;200;188m[38;2;199;188;171m▄[48;2;190;180;165m[38;2;201;192;176m▄[48;2;222;218;210m[38;2;217;213;202m▄[48;2;213;211;203m[38;2;222;220;214m▄[48;2;207;205;192m[38;2;210;208;192m▄[48;2;206;202;185m[38;2;206;202;182m▄[48;2;218;214;199m[38;2;210;206;192m▄[48;2;197;193;171m[38;2;196;191;178m▄[48;2;199;195;177m[38;2;208;206;194m▄[48;2;220;213;204m[38;2;224;222;219m▄[48;2;203;195;184m[38;2;201;198;187m▄[48;2;176;166;152m[38;2;181;173;158m▄[48;2;199;195;185m[38;2;186;185;174m▄[48;2;191;188;175m[38;2;183;181;168m▄[48;2;167;165;156m[38;2;192;189;178m▄[48;2;209;208;196m[38;2;203;203;191m▄[48;2;205;203;188m[38;2;208;206;192m▄[48;2;176;176;164m[38;2;190;190;180m▄[48;2;206;208;195m[38;2;208;209;201m▄[48;2;238;238;244m[38;2;221;222;222m▄[m
[48;2;109;109;75m[38;2;90;92;57m▄[48;2;93;93;61m[38;2;75;76;46m▄[48;2;102;104;65m[38;2;80;81;44m▄[48;2;85;89;56m[38;2;82;85;46m▄[48;2;109;121;82m[38;2;86;95;53m▄[48;2;109;113;72m[38;2;97;104;62m▄[48;2;104;108;66m[38;2;103;107;65m▄[48;2;108;111;82m[38;2;115;118;81m▄[48;2;110;115;69m[38;2;112;111;80m▄[48;2;115;126;60m[38;2;148;162;124m▄[48;2;128;135;84m[38;2;108;115;65m▄[48;2;116;122;72m[38;2;115;124;75m▄[48;2;119;126;66m[38;2;96;101;57m▄[48;2;93;98;52m[38;2;98;104;50m▄[48;2;111;117;68m[38;2;94;103;45m▄[48;2;132;139;79m[38;2;94;103;48m▄[48;2;125;135;78m[38;2;142;151;99m▄[48;2;106;114;62m[38;2;114;122;70m▄[48;2;93;100;60m[38;2;96;106;43m▄[48;2;83;91;43m[38;2;109;116;74m▄[48;2;109;118;69m[38;2;96;104;56m▄[48;2;128;136;88m[38;2;111;115;72m▄[48;2;86;94;45m[38;2;121;120;77m▄[48;2;116;117;82m[38;2;113;108;85m▄[48;2;129;127;102m[38;2;125;123;95m▄[48;2;100;93;74m[38;2;140;135;110m▄[48;2;147;136;113m[38;2;163;156;131m▄[48;2;203;194;178m[38;2;205;195;184m▄[48;2;193;186;175m[38;2;216;209;200m▄[48;2;187;178;163m[38;2;188;178;159m▄[48;2;184;173;160m[38;2;207;196;179m▄[48;2;194;183;166m[38;2;193;181;162m▄[48;2;184;176;158m[38;2;188;177;159m▄[48;2;209;204;193m[38;2;180;168;152m▄[48;2;210;203;195m[38;2;179;171;161m▄[48;2;172;164;148m[38;2;163;156;143m▄[48;2;147;142;127m[38;2;121;121;104m▄[48;2;128;124;106m[38;2;133;134;118m▄[48;2;97;89;68m[38;2;71;66;47m▄[48;2;160;146;130m[38;2;137;126;114m▄[48;2;202;193;176m[38;2;217;211;198m▄[48;2;206;199;183m[38;2;229;224;215m▄[48;2;204;196;183m[38;2;205;198;184m▄[48;2;213;209;196m[38;2;206;201;184m▄[48;2;197;192;172m[38;2;198;195;172m▄[48;2;217;211;194m[38;2;214;208;192m▄[48;2;218;215;201m[38;2;204;198;177m▄[48;2;215;210;197m[38;2;198;191;170m▄[48;2;201;199;184m[38;2;187;180;162m▄[48;2;197;194;185m[38;2;209;204;189m▄[48;2;187;179;169m[38;2;203;197;184m▄[48;2;170;159;144m[38;2;166;157;143m▄[48;2;178;176;162m[38;2;193;190;182m▄[48;2;154;151;137m[38;2;184;181;169m▄[48;2;165;164;148m[38;2;175;171;158m▄[48;2;198;197;186m[38;2;192;191;178m▄[48;2;210;208;200m[38;2;194;196;187m▄[48;2;201;201;195m[38;2;201;206;198m▄[48;2;182;183;172m[38;2;116;118;99m▄[48;2;215;213;205m[38;2;197;197;185m▄[m
[48;2;77;80;49m[38;2;117;117;93m▄[48;2;53;55;37m[38;2;89;89;63m▄[48;2;67;70;36m[38;2;87;89;56m▄[48;2;61;64;38m[38;2;69;74;40m▄[48;2;61;62;39m[38;2;88;91;55m▄[48;2;76;80;47m[38;2;118;122;80m▄[48;2;95;98;66m[38;2;96;97;66m▄[48;2;133;133;98m[38;2;86;87;55m▄[48;2;103;102;78m[38;2;109;114;64m▄[48;2;115;123;84m[38;2;108;113;67m▄[48;2;114;119;77m[38;2;99;104;51m▄[48;2;108;112;62m[38;2;103;109;54m▄[48;2;101;105;57m[38;2;83;93;28m▄[48;2;131;137;83m[38;2;63;73;19m▄[48;2;138;144;95m[38;2;87;97;44m▄[48;2;100;106;53m[38;2;99;104;46m▄[48;2;125;131;80m[38;2;114;118;64m▄[48;2;129;136;89m[38;2;141;148;102m▄[48;2;109;117;66m[38;2;131;140;83m▄[48;2;118;124;89m[38;2;97;105;56m▄[48;2;117;123;84m[38;2;124;132;86m▄[48;2;99;103;65m[38;2;78;80;37m▄[48;2;119;116;80m[38;2;77;73;46m▄[48;2;111;107;83m[38;2;105;102;71m▄[48;2;117;113;83m[38;2;152;143;114m▄[48;2;157;145;120m[38;2;177;161;134m▄[48;2;183;173;153m[38;2;204;194;173m▄[48;2;218;210;200m[38;2;226;222;215m▄[48;2;227;223;215m[38;2;229;225;216m▄[48;2;185;175;157m[38;2;205;197;182m▄[48;2;205;192;176m[38;2;198;187;170m▄[48;2;189;176;158m[38;2;181;168;150m▄[48;2;194;181;165m[38;2;197;184;171m▄[48;2;176;163;147m[38;2;187;175;163m▄[48;2;182;173;164m[38;2;174;163;152m▄[48;2;170;164;154m[38;2;169;164;153m▄[48;2;152;152;137m[38;2;131;126;110m▄[48;2;147;147;132m[38;2;153;149;131m▄[48;2;82;77;63m[38;2;197;191;178m▄[48;2;162;154;143m[38;2;211;205;195m▄[48;2;212;205;193m[38;2;215;208;193m▄[48;2;216;209;198m[38;2;208;201;189m▄[48;2;206;197;182m[38;2;201;195;181m▄[48;2;213;205;186m[38;2;196;188;169m▄[48;2;184;179;161m[38;2;210;203;188m▄[48;2;209;203;187m[38;2;209;201;185m▄[48;2;189;183;162m[38;2;206;201;186m▄[48;2;199;192;173m[38;2;207;202;189m▄[48;2;180;172;154m[38;2;175;168;156m▄[48;2;204;197;181m[38;2;206;194;186m▄[48;2;201;192;181m[38;2;199;191;178m▄[48;2;178;168;157m[38;2;202;192;176m▄[48;2;179;176;166m[38;2;211;207;198m▄[48;2;155;152;137m[38;2;145;143;131m▄[48;2;131;128;112m[38;2;151;147;138m▄[48;2;184;183;173m[38;2;167;166;154m▄[48;2;203;205;197m[38;2;196;200;189m▄[48;2;196;203;199m[38;2;205;212;208m▄[48;2;110;116;101m[38;2;153;159;146m▄[48;2;174;178;162m[38;2;175;181;165m▄[m
[48;2;120;120;98m[38;2;84;87;61m▄[48;2;70;71;46m[38;2;67;70;45m▄[48;2;89;94;50m[38;2;84;90;44m▄[48;2;115;120;76m[38;2;62;65;28m▄[48;2;100;104;66m[38;2;99;105;66m▄[48;2;93;94;65m[38;2;97;98;63m▄[48;2;98;99;70m[38;2;125;126;91m▄[48;2;129;131;92m[38;2;130;132;90m▄[48;2;156;158;124m[38;2;167;171;128m▄[48;2;98;104;51m[38;2;106;113;63m▄[48;2;126;130;77m[38;2;84;91;32m▄[48;2;124;129;86m[38;2;108;116;68m▄[48;2;119;126;73m[38;2;116;120;74m▄[48;2;65;74;19m[38;2;121;126;77m▄[48;2;70;81;18m[38;2;67;77;15m▄[48;2;99;106;49m[38;2;74;83;27m▄[48;2;98;104;48m[38;2;98;106;51m▄[48;2;106;112;52m[38;2;105;114;58m▄[48;2;88;97;48m[38;2;109;118;68m▄[48;2;143;150;116m[38;2;113;120;76m▄[48;2;147;157;118m[38;2;88;97;50m▄[48;2;90;95;63m[38;2;98;102;78m▄[48;2;86;82;59m[38;2;115;107;85m▄[48;2;151;144;115m[38;2;146;138;108m▄[48;2;151;139;112m[38;2;152;139;112m▄[48;2;193;176;150m[38;2;195;179;151m▄[48;2;192;180;160m[38;2;201;190;168m▄[48;2;214;212;199m[38;2;213;207;189m▄[48;2;204;198;189m[38;2;204;196;186m▄[48;2;207;199;184m[38;2;196;188;172m▄[48;2;200;190;172m[38;2;194;184;166m▄[48;2;195;183;166m[38;2;191;178;162m▄[48;2;222;211;204m[38;2;200;188;182m▄[48;2;214;207;201m[38;2;213;203;198m▄[48;2;178;169;160m[38;2;194;182;174m▄[48;2;177;165;155m[38;2;178;164;151m▄[48;2;174;164;150m[38;2;198;187;171m▄[48;2;187;176;165m[38;2;190;177;155m▄[48;2;206;196;184m[38;2;208;195;183m▄[48;2;206;195;186m[38;2;223;214;208m▄[48;2;197;190;175m[38;2;201;190;174m▄[48;2;223;221;208m[38;2;204;198;184m▄[48;2;208;203;189m[38;2;193;181;165m▄[48;2;198;191;171m[38;2;197;188;169m▄[48;2;214;207;191m[38;2;214;205;188m▄[48;2;197;189;173m[38;2;209;202;188m▄[48;2;197;187;167m[38;2;198;187;165m▄[48;2;202;192;176m[38;2;206;194;177m▄[48;2;193;188;173m[38;2;203;193;182m▄[48;2;201;195;185m[38;2;211;204;194m▄[48;2;202;194;179m[38;2;197;185;170m▄[48;2;194;180;166m[38;2;181;165;158m▄[48;2;184;178;168m[38;2;187;181;166m▄[48;2;189;187;173m[38;2;161;158;145m▄[48;2;155;150;138m[38;2;139;133;122m▄[48;2;200;198;191m[38;2;195;195;187m▄[48;2;207;209;203m[38;2;208;209;204m▄[48;2;205;209;202m[38;2;212;214;205m▄[48;2;184;188;181m[38;2;214;218;212m▄[48;2;165;171;158m[38;2;176;183;171m▄[m
[48;2;70;69;47m[38;2;99;102;78m▄[48;2;116;115;92m[38;2;138;140;118m▄[48;2;82;85;51m[38;2;103;105;82m▄[48;2;86;90;54m[38;2;101;104;74m▄[48;2;92;94;54m[38;2;85;87;47m▄[48;2;100;99;54m[38;2;112;118;69m▄[48;2;100;100;49m[38;2;92;98;43m▄[48;2;124;125;76m[38;2;103;106;61m▄[48;2;112;118;71m[38;2;107;114;63m▄[48;2;87;98;48m[38;2;113;122;87m▄[48;2;105;113;66m[38;2;85;93;43m▄[48;2;106;115;63m[38;2;97;104;58m▄[48;2;96;105;46m[38;2;96;101;57m▄[48;2;102;108;56m[38;2;75;81;27m▄[48;2;116;123;71m[38;2;94;101;52m▄[48;2;81;91;40m[38;2;139;149;101m▄[48;2;91;98;42m[38;2;133;140;83m▄[48;2;84;95;39m[38;2;112;118;64m▄[48;2;100;112;54m[38;2;93;100;52m▄[48;2;86;94;52m[38;2;98;103;65m▄[48;2;100;100;74m[38;2;137;131;110m▄[48;2;154;148;127m[38;2;179;169;150m▄[48;2;138;127;98m[38;2;128;119;93m▄[48;2;128;118;84m[38;2;160;147;117m▄[48;2;149;135;105m[38;2;170;154;127m▄[48;2;193;177;152m[38;2;186;170;145m▄[48;2;201;187;166m[38;2;199;185;163m▄[48;2;197;186;167m[38;2;194;187;169m▄[48;2;152;144;130m[38;2;168;165;150m▄[48;2;103;97;84m[38;2;111;107;93m▄[48;2;117;108;90m[38;2;92;86;68m▄[48;2;147;134;118m[38;2;68;61;44m▄[48;2;220;208;203m[38;2;181;171;158m▄[48;2;180;169;159m[38;2;194;184;173m▄[48;2;210;201;184m[38;2;199;189;175m▄[48;2;210;200;185m[38;2;213;204;189m▄[48;2;192;181;167m[38;2;197;187;171m▄[48;2;201;187;169m[38;2;222;211;195m▄[48;2;196;187;170m[38;2;206;199;184m▄[48;2;215;210;198m[38;2;212;202;190m▄[48;2;186;175;157m[38;2;192;181;165m▄[48;2;210;208;194m[38;2;216;214;204m▄[48;2;192;178;162m[38;2;209;201;191m▄[48;2;192;185;165m[38;2;201;196;177m▄[48;2;195;187;169m[38;2;202;191;171m▄[48;2;218;213;201m[38;2;199;193;178m▄[48;2;195;187;167m[38;2;200;192;173m▄[48;2;200;192;172m[38;2;200;192;174m▄[48;2;194;188;177m[38;2;201;195;186m▄[48;2;199;191;179m[38;2;211;203;191m▄[48;2;201;190;177m[38;2;197;190;183m▄[48;2;213;206;202m[38;2;204;201;200m▄[48;2;194;193;183m[38;2;199;200;191m▄[48;2;172;174;165m[38;2;186;188;182m▄[48;2;168;168;161m[38;2;177;180;175m▄[48;2;189;189;182m[38;2;189;192;187m▄[48;2;202;198;190m[38;2;181;184;180m▄[48;2;211;206;201m[38;2;200;200;195m▄[48;2;224;223;218m[38;2;218;220;213m▄[48;2;195;198;187m[38;2;207;211;202m▄[m
[48;2;155;157;127m[38;2;121;125;79m▄[48;2;126;130;107m[38;2;114;117;81m▄[48;2;102;101;69m[38;2;69;66;30m▄[48;2;79;80;56m[38;2;95;98;59m▄[48;2;132;139;104m[38;2;116;125;87m▄[48;2;118;125;85m[38;2;102;108;71m▄[48;2;106;114;66m[38;2;87;95;48m▄[48;2;104;109;65m[38;2;106;112;71m▄[48;2;117;125;81m[38;2;96;102;66m▄[48;2;123;132;92m[38;2;82;90;39m▄[48;2;104;108;69m[38;2;102;108;63m▄[48;2;99;109;62m[38;2;101;110;65m▄[48;2;108;114;81m[38;2;100;106;69m▄[48;2;114;118;89m[38;2;148;151;133m▄[48;2;99;106;65m[38;2;133;138;110m▄[48;2;144;149;114m[38;2;171;176;159m▄[48;2;131;138;92m[38;2;148;155;116m▄[48;2;132;136;90m[38;2;129;137;87m▄[48;2;112;114;73m[38;2;116;115;83m▄[48;2;122;117;89m[38;2;173;168;149m▄[48;2;174;166;149m[38;2;191;183;169m▄[48;2;170;162;145m[38;2;174;168;151m▄[48;2;117;109;89m[38;2;112;105;84m▄[48;2;173;158;134m[38;2;174;159;135m▄[48;2;173;157;131m[38;2;188;173;147m▄[48;2;190;173;150m[38;2;191;174;154m▄[48;2;204;192;173m[38;2;200;188;171m▄[48;2;204;197;181m[38;2;202;194;185m▄[48;2;158;155;140m[38;2;170;164;156m▄[48;2;121;119;104m[38;2;120;114;99m▄[48;2;103;101;83m[38;2;115;109;91m▄[48;2;80;77;60m[38;2;89;82;69m▄[48;2;148;140;127m[38;2;179;170;159m▄[48;2;209;196;185m[38;2;202;189;178m▄[48;2;215;205;193m[38;2;171;161;147m▄[48;2;224;214;199m[38;2;195;185;166m▄[48;2;195;181;163m[38;2;192;178;156m▄[48;2;206;193;176m[38;2;203;190;173m▄[48;2;205;193;177m[38;2;211;200;185m▄[48;2;197;190;176m[38;2;209;197;183m▄[48;2;212;203;188m[38;2;204;190;172m▄[48;2;216;209;199m[38;2;208;200;185m▄[48;2;210;203;190m[38;2;215;207;190m▄[48;2;205;199;179m[38;2;206;195;175m▄[48;2;209;198;181m[38;2;220;208;193m▄[48;2;203;196;177m[38;2;199;189;169m▄[48;2;213;204;189m[38;2;216;206;198m▄[48;2;199;193;181m[38;2;231;230;226m▄[48;2;200;194;186m[38;2;202;195;188m▄[48;2;205;197;186m[38;2;206;197;188m▄[48;2;195;189;178m[38;2;188;181;171m▄[48;2;185;181;176m[38;2;177;174;167m▄[48;2;213;208;204m[38;2;204;197;191m▄[48;2;191;190;181m[38;2;213;205;198m▄[48;2;181;182;176m[38;2;184;175;170m▄[48;2;150;150;142m[38;2;157;154;145m▄[48;2;162;166;162m[38;2;158;157;151m▄[48;2;169;172;166m[38;2;172;173;168m▄[48;2;205;208;200m[38;2;192;196;190m▄[48;2;226;222;215m[38;2;203;202;197m▄[m
[48;2;106;110;72m[38;2;98;98;67m▄[48;2;97;97;59m[38;2;84;79;50m▄[48;2;83;81;51m[38;2;112;115;80m▄[48;2;123;128;90m[38;2;182;185;174m▄[48;2;96;108;65m[38;2;123;135;109m▄[48;2;86;93;59m[38;2;97;108;72m▄[48;2;110;118;77m[38;2;78;89;54m▄[48;2;75;86;44m[38;2;91;103;60m▄[48;2;136;138;119m[38;2;101;106;67m▄[48;2;107;111;69m[38;2;121;128;87m▄[48;2;116;121;86m[38;2;111;118;82m▄[48;2;147;155;111m[38;2;108;116;75m▄[48;2;149;157;111m[38;2;120;125;84m▄[48;2;143;145;125m[38;2;131;136;96m▄[48;2;144;151;115m[38;2;106;120;67m▄[48;2;123;133;96m[38;2;115;125;79m▄[48;2;133;138;98m[38;2;90;96;43m▄[48;2;106;109;61m[38;2;99;99;56m▄[48;2;119;109;85m[38;2;124;113;89m▄[48;2;173;162;144m[38;2;150;140;122m▄[48;2;176;162;146m[38;2;194;183;166m▄[48;2;168;157;134m[38;2;134;128;109m▄[48;2;114;105;85m[38;2;132;121;106m▄[48;2;175;159;136m[38;2;168;152;128m▄[48;2;173;160;134m[38;2;170;160;137m▄[48;2;190;174;157m[38;2;210;205;190m▄[48;2;199;187;171m[38;2;183;175;159m▄[48;2;190;182;170m[38;2;179;169;158m▄[48;2;182;174;164m[38;2;185;176;163m▄[48;2;156;146;129m[38;2;187;175;158m▄[48;2;109;97;80m[38;2;187;174;159m▄[48;2;154;143;131m[38;2;201;187;173m▄[48;2;190;182;169m[38;2;126;116;99m▄[48;2;141;129;117m[38;2;117;109;96m▄[48;2;87;77;66m[38;2;93;87;75m▄[48;2;97;91;76m[38;2;76;78;61m▄[48;2;173;162;144m[38;2;130;122;104m▄[48;2;224;219;208m[38;2;201;192;180m▄[48;2;225;221;210m[38;2;205;193;180m▄[48;2;200;190;172m[38;2;198;187;171m▄[48;2;201;190;175m[38;2;195;189;171m▄[48;2;214;207;191m[38;2;216;206;196m▄[48;2;205;194;178m[38;2;210;202;186m▄[48;2;222;216;209m[38;2;209;206;191m▄[48;2;214;202;187m[38;2;216;206;193m▄[48;2;207;193;174m[38;2;202;194;178m▄[48;2;199;194;180m[38;2;208;205;194m▄[48;2;208;209;203m[38;2;183;183;170m▄[48;2;215;211;203m[38;2;209;206;200m▄[48;2;198;195;183m[38;2;197;198;192m▄[48;2;214;212;208m[38;2;221;225;222m▄[48;2;205;202;198m[38;2;202;196;188m▄[48;2;209;202;190m[38;2;208;201;191m▄[48;2;199;189;184m[38;2;184;180;175m▄[48;2;196;185;179m[38;2;188;179;172m▄[48;2;184;168;161m[38;2;189;177;169m▄[48;2;198;184;177m[38;2;193;177;170m▄[48;2;201;193;191m[38;2;182;178;174m▄[48;2;196;196;197m[38;2;162;166;164m▄[48;2;203;208;202m[38;2;181;185;180m▄[m
[48;2;94;91;54m[38;2;94;88;55m▄[48;2;86;79;53m[38;2;89;90;55m▄[48;2;124;127;90m[38;2;130;134;102m▄[48;2;130;137;104m[38;2;136;142;107m▄[48;2;155;165;147m[38;2;145;148;128m▄[48;2;110;117;95m[38;2;122;118;92m▄[48;2;137;143;122m[38;2;100;102;73m▄[48;2;118;126;108m[38;2;138;140;119m▄[48;2;90;95;51m[38;2;111;114;82m▄[48;2;103;108;69m[38;2;81;88;44m▄[48;2;127;129;100m[38;2;80;88;39m▄[48;2;109;113;83m[38;2;105;110;67m▄[48;2;100;102;55m[38;2;102;109;59m▄[48;2;95;105;57m[38;2;77;87;29m▄[48;2;81;92;41m[38;2;74;84;34m▄[48;2;80;91;37m[38;2;63;74;25m▄[48;2;83;88;39m[38;2;73;77;40m▄[48;2;96;95;63m[38;2;105;100;73m▄[48;2;119;111;85m[38;2;146;135;108m▄[48;2;184;179;161m[38;2;165;159;138m▄[48;2;191;186;167m[38;2;201;197;176m▄[48;2;134;128;109m[38;2;146;141;121m▄[48;2;129;121;104m[38;2;142;134;116m▄[48;2;149;134;110m[38;2;161;148;126m▄[48;2;171;160;141m[38;2;195;188;169m▄[48;2;203;205;190m[38;2;188;184;170m▄[48;2;186;181;162m[38;2;181;174;152m▄[48;2;180;171;157m[38;2;183;167;150m▄[48;2;202;192;182m[38;2;184;171;157m▄[48;2;184;172;156m[38;2;194;185;167m▄[48;2;187;174;158m[38;2;204;192;178m▄[48;2;177;164;147m[38;2;183;169;153m▄[48;2;138;126;110m[38;2;148;134;117m▄[48;2;123;116;102m[38;2;128;118;107m▄[48;2;103;100;87m[38;2;74;65;54m▄[48;2;82;79;63m[38;2;89;78;66m▄[48;2;131;125;107m[38;2;195;189;175m▄[48;2;215;207;194m[38;2;196;184;169m▄[48;2;214;202;189m[38;2;204;193;176m▄[48;2;205;189;174m[38;2;183;170;150m▄[48;2;217;211;198m[38;2;223;216;201m▄[48;2;206;190;177m[38;2;217;209;194m▄[48;2;208;196;176m[38;2;200;184;168m▄[48;2;200;193;175m[38;2;210;198;180m▄[48;2;214;208;194m[38;2;207;194;176m▄[48;2;201;194;176m[38;2;203;193;170m▄[48;2;218;212;204m[38;2;215;209;198m▄[48;2;193;190;176m[38;2;203;199;192m▄[48;2;212;212;209m[38;2;224;228;231m▄[48;2;192;191;189m[38;2;223;218;217m▄[48;2;224;221;216m[38;2;215;202;193m▄[48;2;211;199;188m[38;2;214;203;197m▄[48;2;198;190;178m[38;2;197;190;185m▄[48;2;201;196;192m[38;2;192;189;184m▄[48;2;185;176;169m[38;2;200;195;190m▄[48;2;183;175;165m[38;2;175;167;158m▄[48;2;173;162;155m[38;2;193;185;175m▄[48;2;189;182;176m[38;2;200;190;183m▄[48;2;180;180;175m[38;2;188;180;175m▄[48;2;185;190;187m[38;2;207;204;203m▄[m
[48;2;121;114;84m[38;2;95;87;48m▄[48;2;123;125;83m[38;2;112;114;75m▄[48;2;130;135;96m[38;2;127;128;88m▄[48;2;140;144;103m[38;2;142;137;115m▄[48;2;140;134;106m[38;2;112;106;75m▄[48;2;119;110;81m[38;2;79;83;45m▄[48;2;124;127;91m[38;2;82;85;46m▄[48;2;122;128;92m[38;2;98;103;66m▄[48;2;125;129;92m[38;2;94;98;55m▄[48;2;101;107;59m[38;2;101;108;62m▄[48;2;68;75;28m[38;2;84;93;49m▄[48;2;75;82;40m[38;2;103;111;67m▄[48;2;75;82;39m[38;2;92;99;55m▄[48;2;67;75;24m[38;2;93;98;56m▄[48;2;70;78;31m[38;2;71;75;37m▄[48;2;68;76;31m[38;2;83;86;54m▄[48;2;74;77;38m[38;2;90;88;54m▄[48;2;111;105;71m[38;2;132;125;94m▄[48;2;150;140;113m[38;2;162;155;133m▄[48;2;168;164;144m[38;2;168;166;140m▄[48;2;199;191;170m[38;2;203;193;171m▄[48;2;133;124;101m[38;2;130;116;90m▄[48;2;158;151;136m[38;2;186;185;178m▄[48;2;185;177;158m[38;2;226;227;224m▄[48;2;170;162;138m[38;2;183;171;152m▄[48;2;191;183;165m[38;2;174;161;138m▄[48;2;191;180;158m[38;2;177;165;142m▄[48;2;181;166;149m[38;2;154;140;124m▄[48;2;182;170;153m[38;2;94;85;69m▄[48;2;204;193;177m[38;2;173;163;147m▄[48;2;207;191;176m[38;2;181;164;140m▄[48;2;202;186;173m[38;2;189;173;154m▄[48;2;175;162;148m[38;2;196;184;169m▄[48;2;151;138;127m[38;2;211;201;185m▄[48;2;121;112;100m[38;2;193;182;168m▄[48;2;168;156;147m[38;2;180;168;152m▄[48;2;213;208;203m[38;2;198;191;178m▄[48;2;217;206;196m[38;2;208;200;188m▄[48;2;194;186;167m[38;2;197;189;172m▄[48;2;192;177;156m[38;2;192;179;158m▄[48;2;220;207;184m[38;2;216;205;188m▄[48;2;212;201;183m[38;2;220;205;189m▄[48;2;208;195;178m[38;2;217;205;188m▄[48;2;206;190;171m[38;2;211;202;187m▄[48;2;215;201;181m[38;2;206;197;183m▄[48;2;210;201;186m[38;2;215;209;195m▄[48;2;197;192;180m[38;2;214;212;201m▄[48;2;195;195;190m[38;2;226;225;226m▄[48;2;223;221;223m[38;2;213;207;200m▄[48;2;209;195;188m[38;2;201;183;174m▄[48;2;198;182;172m[38;2;203;188;180m▄[48;2;216;207;200m[38;2;201;191;182m▄[48;2;203;197;189m[38;2;185;177;167m▄[48;2;178;175;168m[38;2;199;195;184m▄[48;2;192;187;178m[38;2;191;185;173m▄[48;2;197;190;180m[38;2;190;180;170m▄[48;2;197;187;175m[38;2;188;175;165m▄[48;2;201;190;176m[38;2;205;192;182m▄[48;2;185;173;161m[38;2;197;185;178m▄[48;2;190;183;180m[38;2;199;189;185m▄[m
[48;2;141;137;105m[38;2;121;120;82m▄[48;2;108;109;73m[38;2;116;121;81m▄[48;2;96;95;63m[38;2;122;129;91m▄[48;2;110;103;85m[38;2;105;101;71m▄[48;2;139;137;102m[38;2;159;161;128m▄[48;2;115;116;74m[38;2;136;136;94m▄[48;2;93;96;56m[38;2;129;127;90m▄[48;2;113;118;81m[38;2;160;159;129m▄[48;2;88;94;50m[38;2;130;129;102m▄[48;2;107;115;92m[38;2;168;170;159m▄[48;2;132;139;115m[38;2;166;168;144m▄[48;2;101;105;69m[38;2;153;157;104m▄[48;2;85;88;49m[38;2;109;111;67m▄[48;2;97;99;56m[38;2;87;89;49m▄[48;2;119;120;84m[38;2;83;83;53m▄[48;2;81;82;53m[38;2;71;72;48m▄[48;2;101;95;65m[38;2;76;70;44m▄[48;2;130;119;88m[38;2;117;109;81m▄[48;2;181;176;156m[38;2;135;129;106m▄[48;2;181;179;158m[38;2;158;157;136m▄[48;2;193;186;163m[38;2;187;179;160m▄[48;2;127;114;88m[38;2;123;110;86m▄[48;2;196;189;181m[38;2;155;143;121m▄[48;2;213;205;196m[38;2;171;155;132m▄[48;2;192;174;152m[38;2;185;172;149m▄[48;2;178;164;146m[38;2;179;169;154m▄[48;2;179;170;154m[38;2;194;187;168m▄[48;2;88;76;60m[38;2;123;113;96m▄[48;2;70;65;50m[38;2;85;79;65m▄[48;2;104;97;81m[38;2;76;71;56m▄[48;2;185;168;146m[38;2;195;180;160m▄[48;2;188;171;150m[38;2;196;183;163m▄[48;2;206;196;180m[38;2;206;195;182m▄[48;2;218;212;197m[38;2;204;193;183m▄[48;2;203;193;177m[38;2;209;200;183m▄[48;2;184;173;156m[38;2;216;209;194m▄[48;2;189;180;165m[38;2;212;206;189m▄[48;2;219;211;199m[38;2;222;213;205m▄[48;2;188;179;161m[38;2;191;181;167m▄[48;2;191;181;161m[38;2;209;200;179m▄[48;2;223;218;205m[38;2;213;204;188m▄[48;2;214;204;190m[38;2;209;196;180m▄[48;2;208;195;179m[38;2;207;194;178m▄[48;2;214;209;196m[38;2;196;190;176m▄[48;2;206;202;191m[38;2;184;180;169m▄[48;2;214;209;200m[38;2;220;215;207m▄[48;2;220;220;211m[38;2;220;213;202m▄[48;2;225;222;219m[38;2;224;213;200m▄[48;2;227;221;210m[38;2;209;195;180m▄[48;2;226;213;207m[38;2;204;191;178m▄[48;2;214;201;188m[38;2;189;176;161m▄[48;2;211;197;185m[38;2;188;178;162m▄[48;2;200;189;176m[38;2;197;187;172m▄[48;2;203;196;183m[38;2;192;183;169m▄[48;2;199;190;180m[38;2;186;177;168m▄[48;2;197;184;174m[38;2;194;181;170m▄[48;2;195;182;172m[38;2;181;169;157m▄[48;2;204;190;181m[38;2;215;202;190m▄[48;2;198;185;177m[38;2;199;184;174m▄[48;2;197;185;177m[38;2;189;172;161m▄[m
[48;2;110;105;76m[38;2;84;75;49m▄[48;2;104;101;71m[38;2;126;114;94m▄[48;2;128;134;93m[38;2;104;105;61m▄[48;2;143;146;106m[38;2;108;117;66m▄[48;2;151;149;112m[38;2;143;146;104m▄[48;2;137;137;100m[38;2;143;147;100m▄[48;2;126;124;87m[38;2;120;120;79m▄[48;2;137;132;98m[38;2;113;112;74m▄[48;2;99;98;64m[38;2;118;119;88m▄[48;2;141;144;109m[38;2;137;145;106m▄[48;2;127;131;96m[38;2;102;111;70m▄[48;2;123;131;93m[38;2;91;97;59m▄[48;2;110;116;77m[38;2;120;124;81m▄[48;2;109;113;73m[38;2;100;102;66m▄[48;2;76;77;47m[38;2;89;92;62m▄[48;2;78;78;52m[38;2;87;89;58m▄[48;2;93;85;62m[38;2;100;91;72m▄[48;2;67;56;38m[38;2;83;70;56m▄[48;2;136;138;114m[38;2;91;86;69m▄[48;2;159;155;136m[38;2;149;147;131m▄[48;2;176;166;147m[38;2;175;167;150m▄[48;2;144;135;116m[38;2;142;131;109m▄[48;2;149;140;119m[38;2;169;162;148m▄[48;2;194;189;174m[38;2;185;181;171m▄[48;2;180;168;151m[38;2;209;196;182m▄[48;2;194;185;173m[38;2;218;210;197m▄[48;2;208;198;184m[38;2;199;190;177m▄[48;2;145;134;117m[38;2;161;150;134m▄[48;2;101;94;78m[38;2;108;97;83m▄[48;2;81;75;58m[38;2;105;97;82m▄[48;2;201;183;159m[38;2;210;196;175m▄[48;2;201;186;165m[38;2;188;172;151m▄[48;2;211;199;186m[38;2;169;156;141m▄[48;2;222;210;197m[38;2;112;102;91m▄[48;2;191;178;159m[38;2;133;120;105m▄[48;2;191;177;157m[38;2;170;158;138m▄[48;2;202;189;167m[38;2;192;180;157m▄[48;2;210;197;181m[38;2;207;194;176m▄[48;2;189;176;157m[38;2;191;178;157m▄[48;2;192;181;158m[38;2;197;184;162m▄[48;2;196;183;160m[38;2;188;174;153m▄[48;2;210;203;187m[38;2;216;209;199m▄[48;2;202;190;175m[38;2;206;196;181m▄[48;2;185;177;159m[38;2;189;179;160m▄[48;2;186;184;172m[38;2;207;205;193m▄[48;2;218;215;207m[38;2;220;218;218m▄[48;2;213;212;206m[38;2;198;197;190m▄[48;2;229;221;214m[38;2;183;180;169m▄[48;2;208;197;185m[38;2;220;214;205m▄[48;2;206;193;180m[38;2;177;174;165m▄[48;2;195;184;172m[38;2;203;199;187m▄[48;2;204;196;183m[38;2;198;189;176m▄[48;2;222;211;200m[38;2;208;198;186m▄[48;2;199;188;176m[38;2;207;197;186m▄[48;2;190;180;170m[38;2;206;197;184m▄[48;2;185;175;163m[38;2;193;184;168m▄[48;2;184;176;162m[38;2;173;165;153m▄[48;2;199;189;176m[38;2;182;170;160m▄[48;2;192;179;168m[38;2;205;191;182m▄[48;2;179;162;151m[38;2;204;187;175m▄[m
[48;2;106;93;73m[38;2;126;112;92m▄[48;2;178;167;143m[38;2;101;94;66m▄[48;2;110;108;67m[38;2;106;108;67m▄[48;2;120;133;85m[38;2;110;110;70m▄[48;2;120;129;74m[38;2;111;128;54m▄[48;2;116;122;71m[38;2;107;114;62m▄[48;2;134;137;94m[38;2;121;122;81m▄[48;2;117;116;78m[38;2;103;103;58m▄[48;2;138;138;99m[38;2;114;114;69m▄[48;2;97;102;65m[38;2;89;93;52m▄[48;2;83;88;52m[38;2;102;107;70m▄[48;2;127;131;95m[38;2;103;104;72m▄[48;2;90;92;55m[38;2;74;76;46m▄[48;2;60;63;31m[38;2;84;87;57m▄[48;2;89;90;63m[38;2;99;98;69m▄[48;2;104;102;74m[38;2;99;97;73m▄[48;2;86;77;58m[38;2;81;71;52m▄[48;2;111;99;80m[38;2;113;100;79m▄[48;2;92;83;66m[38;2;125;115;98m▄[48;2;151;152;136m[38;2;158;153;130m▄[48;2;195;184;159m[38;2;180;163;132m▄[48;2;155;141;114m[38;2;140;127;96m▄[48;2;161;146;129m[38;2;184;172;162m▄[48;2;187;177;163m[38;2;216;207;198m▄[48;2;208;194;177m[38;2;192;177;161m▄[48;2;205;193;184m[38;2;212;197;187m▄[48;2;208;199;188m[38;2;214;202;191m▄[48;2;160;149;133m[38;2;200;188;175m▄[48;2;124;111;94m[38;2;187;174;159m▄[48;2;187;176;163m[38;2;209;198;177m▄[48;2;211;202;191m[38;2;223;213;199m▄[48;2;172;157;141m[38;2;170;156;141m▄[48;2;141;131;118m[38;2;148;138;126m▄[48;2;91;85;73m[38;2;82;78;63m▄[48;2;44;39;27m[38;2;50;47;36m▄[48;2;93;90;77m[38;2;41;40;32m▄[48;2;188;180;159m[38;2;163;155;131m▄[48;2;225;217;209m[38;2;215;204;191m▄[48;2;195;185;167m[38;2;189;180;157m▄[48;2;204;193;177m[38;2;195;184;170m▄[48;2;176;164;147m[38;2;195;182;165m▄[48;2;201;196;185m[38;2;183;173;157m▄[48;2;205;196;180m[38;2;188;179;162m▄[48;2;195;183;160m[38;2;185;171;154m▄[48;2;199;193;177m[38;2;208;199;185m▄[48;2;199;199;195m[38;2;191;190;179m▄[48;2;210;208;202m[38;2;208;206;196m▄[48;2;209;209;199m[38;2;221;218;213m▄[48;2;223;219;216m[38;2;221;218;216m▄[48;2;222;219;212m[38;2;225;222;217m▄[48;2;212;201;190m[38;2;201;189;174m▄[48;2;208;199;184m[38;2;219;206;189m▄[48;2;213;201;186m[38;2;205;196;179m▄[48;2;219;206;193m[38;2;208;196;180m▄[48;2;208;197;185m[38;2;209;197;184m▄[48;2;164;155;138m[38;2;190;181;164m▄[48;2;169;160;149m[38;2;194;185;169m▄[48;2;176;165;155m[38;2;193;184;171m▄[48;2;179;168;159m[38;2;192;182;173m▄[48;2;185;169;154m[38;2;199;186;170m▄[m
[48;2;111;98;71m[38;2;94;91;59m▄[48;2;90;90;59m[38;2;120;120;83m▄[48;2;117;117;86m[38;2;119;120;85m▄[48;2;114;115;74m[38;2;110;110;71m▄[48;2;108;111;65m[38;2;103;102;66m▄[48;2;121;123;75m[38;2;107;108;69m▄[48;2;97;94;56m[38;2;106;104;72m▄[48;2;96;96;53m[38;2;113;115;69m▄[48;2;78;81;37m[38;2;98;100;59m▄[48;2;81;86;43m[38;2;98;101;57m▄[48;2;114;119;80m[38;2;81;87;44m▄[48;2;127;129;92m[38;2;75;81;42m▄[48;2;108;110;71m[38;2;91;95;57m▄[48;2;93;97;60m[38;2;110;117;84m▄[48;2;83;80;48m[38;2;99;99;58m▄[48;2;74;70;45m[38;2;77;73;46m▄[48;2;90;78;55m[38;2;113;100;73m▄[48;2;124;107;82m[38;2;130;114;89m▄[48;2;145;135;116m[38;2;154;143;119m▄[48;2;171;153;124m[38;2;178;158;130m▄[48;2;153;134;106m[38;2;148;131;107m▄[48;2;151;137;111m[38;2;162;147;125m▄[48;2;191;177;159m[38;2;185;169;144m▄[48;2;212;202;180m[38;2;187;175;151m▄[48;2;189;179;153m[38;2;195;182;163m▄[48;2;194;183;166m[38;2;185;172;156m▄[48;2;153;142;122m[38;2;166;153;137m▄[48;2;192;181;168m[38;2;190;179;166m▄[48;2;194;181;163m[38;2;199;188;169m▄[48;2;199;190;160m[38;2;209;199;176m▄[48;2;202;187;167m[38;2;194;179;161m▄[48;2;144;130;113m[38;2;149;135;119m▄[48;2;151;142;131m[38;2;143;137;123m▄[48;2;98;93;81m[38;2;99;96;81m▄[48;2;72;69;54m[38;2;73;67;49m▄[48;2;41;40;30m[38;2;57;51;39m▄[48;2;142;133;116m[38;2;127;119;105m▄[48;2;213;202;192m[38;2;193;186;173m▄[48;2;200;195;181m[38;2;209;204;190m▄[48;2;205;196;180m[38;2;183;168;145m▄[48;2;195;178;161m[38;2;181;159;138m▄[48;2;191;177;160m[38;2;193;174;153m▄[48;2;174;162;145m[38;2;190;174;157m▄[48;2;179;169;151m[38;2;176;166;149m▄[48;2;192;181;166m[38;2;178;169;152m▄[48;2;212;206;193m[38;2;194;184;168m▄[48;2;176;174;163m[38;2;198;193;182m▄[48;2;220;219;214m[38;2;229;226;220m▄[48;2;221;220;216m[38;2;225;222;212m▄[48;2;195;192;184m[38;2;211;205;195m▄[48;2;209;197;183m[38;2;215;210;191m▄[48;2;207;192;176m[38;2;203;195;178m▄[48;2;228;220;210m[38;2;208;197;185m▄[48;2;211;199;181m[38;2;207;197;185m▄[48;2;215;204;190m[38;2;188;181;169m▄[48;2;189;179;167m[38;2;190;181;166m▄[48;2;170;160;146m[38;2;186;171;160m▄[48;2;168;159;144m[38;2;171;161;148m▄[48;2;185;174;162m[38;2;188;178;166m▄[48;2;179;169;153m[38;2;185;178;161m▄[m
[48;2;151;157;133m[38;2;147;155;135m▄[48;2;126;132;98m[38;2;135;139;116m▄[48;2;126;130;93m[38;2;142;143;121m▄[48;2;121;123;83m[38;2;114;115;75m▄[48;2;134;136;107m[38;2;117;121;94m▄[48;2;103;106;67m[38;2;99;99;58m▄[48;2;128;128;99m[38;2;107;108;70m▄[48;2;99;102;62m[38;2;91;95;57m▄[48;2;104;107;59m[38;2;108;112;70m▄[48;2;118;120;74m[38;2;115;122;65m▄[48;2;112;113;75m[38;2;95;100;54m▄[48;2;147;149;112m[38;2;93;100;50m▄[48;2;123;128;84m[38;2;123;128;82m▄[48;2;95;94;58m[38;2;62;59;32m▄[48;2;63;61;31m[38;2;92;89;51m▄[48;2;67;63;38m[38;2;60;55;31m▄[48;2;124;111;79m[38;2;119;105;76m▄[48;2;133;123;92m[38;2;138;130;100m▄[48;2;153;140;113m[38;2;177;164;138m▄[48;2;158;138;110m[38;2;149;131;102m▄[48;2;125;111;90m[38;2;99;85;65m▄[48;2;159;145;123m[38;2;129;115;93m▄[48;2;174;162;137m[38;2;168;155;129m▄[48;2;186;175;156m[38;2;182;169;147m▄[48;2;194;182;165m[38;2;174;161;142m▄[48;2;185;172;156m[38;2;182;168;150m▄[48;2;182;169;153m[38;2;176;164;148m▄[48;2;185;172;158m[38;2;203;190;178m▄[48;2;202;190;169m[38;2;201;189;165m▄[48;2;214;203;187m[38;2;221;209;189m▄[48;2;208;192;179m[38;2;223;206;193m▄[48;2;180;165;153m[38;2;229;212;204m▄[48;2;139;130;116m[38;2;216;201;195m▄[48;2;132;121;107m[38;2;200;182;175m▄[48;2;86;75;62m[38;2;173;158;149m▄[48;2;105;96;83m[38;2;191;180;173m▄[48;2;197;188;173m[38;2;198;186;167m▄[48;2;221;211;206m[38;2;207;197;183m▄[48;2;210;203;197m[38;2;195;190;174m▄[48;2;183;163;140m[38;2;195;178;157m▄[48;2;179;152;132m[38;2;168;144;125m▄[48;2;202;182;161m[38;2;207;189;170m▄[48;2;197;180;163m[38;2;202;188;172m▄[48;2;202;192;175m[38;2;202;194;176m▄[48;2;187;177;160m[38;2;201;190;173m▄[48;2;190;184;170m[38;2;210;206;195m▄[48;2;192;190;181m[38;2;212;209;201m▄[48;2;224;220;214m[38;2;208;208;201m▄[48;2;218;214;205m[38;2;203;198;187m▄[48;2;205;197;185m[38;2;203;196;183m▄[48;2;212;206;191m[38;2;201;189;169m▄[48;2;217;210;194m[38;2;209;193;173m▄[48;2;203;191;171m[38;2;212;197;178m▄[48;2;201;196;186m[38;2;199;188;171m▄[48;2;177;166;150m[38;2;192;179;162m▄[48;2;176;162;146m[38;2;183;173;156m▄[48;2;184;171;160m[38;2;175;165;151m▄[48;2;172;162;150m[38;2;185;175;162m▄[48;2;179;168;156m[38;2;184;174;161m▄[48;2;194;183;167m[38;2;191;177;158m▄[m
[48;2;199;204;203m[38;2;135;136;110m▄[48;2;190;193;181m[38;2;145;151;128m▄[48;2;150;154;132m[38;2;190;196;184m▄[48;2;133;137;103m[38;2;136;141;102m▄[48;2;120;124;89m[38;2;143;151;123m▄[48;2;99;101;63m[38;2;88;99;56m▄[48;2;81;83;38m[38;2;86;95;51m▄[48;2;105;108;67m[38;2;116;122;82m▄[48;2;101;107;62m[38;2;82;88;41m▄[48;2;76;83;32m[38;2;87;91;50m▄[48;2;73;83;28m[38;2;87;89;49m▄[48;2;68;78;26m[38;2;72;72;30m▄[48;2;86;88;43m[38;2;133;128;90m▄[48;2;108;108;61m[38;2;78;73;44m▄[48;2;89;86;49m[38;2;71;69;40m▄[48;2;59;55;29m[38;2;59;55;31m▄[48;2;81;71;50m[38;2;111;105;87m▄[48;2;138;136;110m[38;2;159;153;134m▄[48;2;170;167;144m[38;2;174;169;148m▄[48;2;159;149;123m[38;2;128;117;94m▄[48;2;136;121;96m[38;2;120;103;78m▄[48;2;121;104;79m[38;2;149;128;101m▄[48;2;134;119;94m[38;2;150;133;108m▄[48;2;158;142;119m[38;2;156;138;115m▄[48;2;162;146;127m[38;2;149;131;113m▄[48;2;156;142;123m[38;2;154;140;122m▄[48;2;166;154;138m[38;2;96;86;69m▄[48;2;162;150;133m[38;2;55;49;34m▄[48;2;157;146;123m[38;2;27;24;13m▄[48;2;188;175;151m[38;2;124;114;94m▄[48;2;201;185;169m[38;2;192;175;151m▄[48;2;203;187;173m[38;2;185;170;147m▄[48;2;215;199;188m[38;2;185;169;155m▄[48;2;216;202;193m[38;2;212;202;190m▄[48;2;183;170;159m[38;2;184;174;161m▄[48;2;192;181;173m[38;2;200;191;180m▄[48;2;185;173;154m[38;2;189;176;160m▄[48;2;210;199;188m[38;2;221;207;196m▄[48;2;199;192;175m[38;2;205;193;177m▄[48;2;175;161;138m[38;2;204;183;164m▄[48;2;161;140;117m[38;2;200;172;152m▄[48;2;156;139;123m[38;2;161;137;118m▄[48;2;193;180;161m[38;2;154;140;118m▄[48;2;202;191;171m[38;2;187;174;151m▄[48;2;206;194;180m[38;2;192;183;172m▄[48;2;202;201;191m[38;2;179;181;171m▄[48;2;191;188;176m[38;2;99;103;90m▄[48;2;213;210;200m[38;2;182;179;166m▄[48;2;221;220;212m[38;2;213;208;200m▄[48;2;188;181;170m[38;2;207;201;192m▄[48;2;187;176;157m[38;2;184;176;162m▄[48;2;204;190;174m[38;2;180;171;160m▄[48;2;182;169;153m[38;2;170;159;145m▄[48;2;173;162;145m[38;2;164;152;134m▄[48;2;176;165;147m[38;2;161;151;133m▄[48;2;174;165;148m[38;2;174;164;147m▄[48;2;172;164;149m[38;2;161;152;138m▄[48;2;183;172;157m[38;2;199;187;174m▄[48;2;188;175;161m[38;2;199;184;173m▄[48;2;201;185;164m[38;2;222;205;186m▄[m
[48;2;134;128;95m[38;2;146;144;119m▄[48;2;133;134;99m[38;2;119;119;86m▄[48;2;130;134;107m[38;2;113;115;77m▄[48;2;162;169;151m[38;2;144;151;121m▄[48;2;161;168;149m[38;2;128;133;102m▄[48;2;101;108;69m[38;2;103;106;71m▄[48;2;83;91;51m[38;2;76;79;42m▄[48;2;71;78;35m[38;2;65;69;27m▄[48;2;84;89;49m[38;2;81;84;46m▄[48;2;87;92;52m[38;2;64;65;32m▄[48;2;86;88;50m[38;2;81;80;49m▄[48;2;104;102;64m[38;2;117;111;73m▄[48;2;93;85;50m[38;2;80;75;39m▄[48;2;67;63;31m[38;2;58;53;23m▄[48;2;81;80;52m[38;2;88;83;53m▄[48;2;52;50;26m[38;2;56;48;27m▄[48;2;93;91;69m[38;2;96;93;72m▄[48;2;152;148;127m[38;2;162;160;140m▄[48;2;161;151;132m[38;2;157;143;116m▄[48;2;121;108;85m[38;2;119;104;78m▄[48;2;141;123;98m[38;2;142;123;96m▄[48;2;148;130;103m[38;2;136;118;88m▄[48;2;177;161;134m[38;2;146;127;101m▄[48;2;180;162;139m[38;2;164;143;121m▄[48;2;175;156;138m[38;2;182;162;143m▄[48;2;158;144;127m[38;2;151;136;116m▄[48;2;99;91;73m[38;2;119;106;85m▄[48;2;57;53;41m[38;2;79;72;56m▄[48;2;8;7;4m[38;2;12;12;9m▄[48;2;33;30;20m[38;2;7;6;5m▄[48;2;152;133;105m[38;2;163;145;126m▄[48;2;177;158;133m[38;2;185;166;140m▄[48;2;193;176;160m[38;2;185;168;148m▄[48;2;203;190;180m[38;2;173;160;146m▄[48;2;178;168;154m[38;2;216;208;199m▄[48;2;209;199;188m[38;2;220;214;203m▄[48;2;202;189;171m[38;2;197;186;166m▄[48;2;219;208;195m[38;2;203;194;177m▄[48;2;220;214;199m[38;2;202;195;175m▄[48;2;210;186;168m[38;2;209;189;170m▄[48;2;205;174;154m[38;2;196;164;145m▄[48;2;201;169;152m[38;2;215;181;163m▄[48;2;154;144;126m[38;2;180;164;148m▄[48;2;159;159;143m[38;2;169;166;153m▄[48;2;183;183;175m[38;2;185;183;176m▄[48;2;182;182;173m[38;2;208;201;191m▄[48;2;87;85;72m[38;2;195;188;175m▄[48;2;98;99;82m[38;2;116;117;98m▄[48;2;218;219;209m[38;2;138;145;126m▄[48;2;213;214;208m[38;2;169;173;160m▄[48;2;182;182;169m[38;2;185;192;181m▄[48;2;200;199;191m[38;2;175;179;168m▄[48;2;187;183;171m[38;2;188;187;179m▄[48;2;150;142;124m[38;2;164;160;147m▄[48;2;194;185;168m[38;2;194;184;168m▄[48;2;187;174;158m[38;2;194;181;165m▄[48;2;168;157;145m[38;2;204;191;175m▄[48;2;156;146;135m[38;2;172;158;145m▄[48;2;162;153;144m[38;2;193;177;165m▄[48;2;223;211;191m[38;2;227;212;194m▄[m
[48;2;164;161;137m[38;2;140;140;99m▄[48;2;97;100;60m[38;2;114;134;70m▄[48;2;79;88;45m[38;2;90;112;50m▄[48;2;86;93;49m[38;2;83;100;46m▄[48;2;89;100;55m[38;2;83;95;47m▄[48;2;67;76;37m[38;2;69;81;42m▄[48;2;60;69;26m[38;2;67;78;30m▄[48;2;82;89;58m[38;2;97;102;63m▄[48;2;79;77;44m[38;2;99;102;63m▄[48;2;73;75;43m[38;2;108;104;72m▄[48;2;101;97;66m[38;2;119;110;78m▄[48;2;107;103;66m[38;2;65;60;28m▄[48;2;62;61;30m[38;2;55;53;28m▄[48;2;81;81;58m[38;2;60;66;33m▄[48;2;64;59;34m[38;2;59;58;27m▄[48;2;53;46;23m[38;2;54;48;24m▄[48;2;87;88;67m[38;2;97;96;75m▄[48;2;165;164;144m[38;2;144;140;120m▄[48;2;150;134;102m[38;2;143;124;96m▄[48;2;114;98;70m[38;2;91;82;56m▄[48;2;136;117;89m[38;2;127;108;83m▄[48;2;153;132;105m[38;2;144;118;94m▄[48;2;153;128;106m[38;2;126;101;79m▄[48;2;168;145;122m[38;2;148;123;101m▄[48;2;162;140;120m[38;2;185;164;142m▄[48;2;158;140;124m[38;2;197;179;162m▄[48;2;137;119;104m[38;2;149;132;115m▄[48;2;83;70;53m[38;2;103;88;69m▄[48;2;38;31;20m[38;2;60;51;36m▄[48;2;8;6;3m[38;2;20;17;11m▄[48;2;136;122;108m[38;2;122;108;102m▄[48;2;208;192;171m[38;2;213;200;184m▄[48;2;187;171;152m[38;2;185;169;148m▄[48;2;195;179;164m[38;2;204;188;170m▄[48;2;210;199;190m[38;2;213;203;189m▄[48;2;212;203;190m[38;2;211;202;187m▄[48;2;198;189;169m[38;2;207;198;179m▄[48;2;212;205;189m[38;2;214;207;190m▄[48;2;207;197;179m[38;2;207;197;176m▄[48;2;210;192;168m[38;2;213;192;165m▄[48;2;219;189;171m[38;2;215;185;162m▄[48;2;201;171;151m[38;2;193;167;145m▄[48;2;171;150;135m[38;2;206;179;163m▄[48;2;176;165;151m[38;2;200;184;164m▄[48;2;191;177;163m[38;2;194;179;164m▄[48;2;182;166;146m[38;2;197;184;168m▄[48;2;206;190;174m[38;2;194;176;160m▄[48;2;195;189;173m[38;2;187;175;162m▄[48;2;133;138;123m[38;2;198;196;186m▄[48;2;134;138;125m[38;2;118;115;105m▄[48;2;150;156;142m[38;2;106;104;88m▄[48;2;156;158;147m[38;2;135;135;123m▄[48;2;176;173;164m[38;2;187;191;181m▄[48;2;177;169;152m[38;2;181;178;162m▄[48;2;202;187;172m[38;2;177;167;149m▄[48;2;159;146;130m[38;2;156;146;136m▄[48;2;159;148;135m[38;2;154;146;134m▄[48;2;194;182;170m[38;2;167;155;143m▄[48;2;144;130;119m[38;2;129;113;103m▄[48;2;204;183;169m[38;2;148;127;114m▄[m
[48;2;155;147;112m[38;2;144;142;109m▄[48;2;94;110;52m[38;2;110;125;73m▄[48;2;87;110;40m[38;2;82;103;32m▄[48;2;100;127;58m[38;2;96;113;57m▄[48;2;110;141;74m[38;2;68;86;27m▄[48;2;98;119;60m[38;2;64;79;25m▄[48;2;105;124;65m[38;2;89;101;55m▄[48;2;105;120;65m[38;2;94;104;51m▄[48;2;119;124;78m[38;2;125;121;82m▄[48;2;136;133;93m[38;2;92;85;56m▄[48;2;101;94;62m[38;2;57;50;29m▄[48;2;65;63;33m[38;2;66;75;38m▄[48;2;74;77;49m[38;2;112;124;79m▄[48;2;55;65;28m[38;2;125;143;97m▄[48;2;56;56;31m[38;2;64;66;36m▄[48;2;70;64;44m[38;2;69;64;44m▄[48;2;111;108;85m[38;2;129;124;104m▄[48;2;142;136;114m[38;2;137;130;109m▄[48;2;146;129;103m[38;2;140;130;102m▄[48;2;113;107;84m[38;2;115;108;85m▄[48;2;119;99;74m[38;2;158;137;110m▄[48;2;117;91;67m[38;2;138;115;86m▄[48;2;131;106;84m[38;2;151;127;100m▄[48;2;132;107;85m[38;2;143;119;92m▄[48;2;173;151;129m[38;2;148;128;101m▄[48;2;207;189;173m[38;2;212;193;179m▄[48;2;175;157;140m[38;2;214;196;187m▄[48;2;147;131;115m[38;2;172;152;145m▄[48;2;117;105;92m[38;2;159;145;134m▄[48;2;88;79;68m[38;2;137;123;112m▄[48;2;189;176;164m[38;2;176;164;149m▄[48;2;232;223;204m[38;2;222;211;191m▄[48;2;196;180;158m[38;2;189;171;152m▄[48;2;189;173;156m[38;2;163;147;131m▄[48;2;130;121;102m[38;2;69;62;41m▄[48;2;107;100;86m[38;2;42;38;25m▄[48;2;140;133;119m[38;2;24;23;18m▄[48;2;223;216;201m[38;2;98;95;84m▄[48;2;221;208;190m[38;2;208;192;170m▄[48;2;212;186;157m[38;2;166;147;122m▄[48;2;204;173;146m[38;2;158;132;109m▄[48;2;168;141;119m[38;2;112;89;74m▄[48;2;173;140;118m[38;2;66;50;43m▄[48;2;164;148;126m[38;2;116;102;84m▄[48;2;175;157;135m[38;2;145;129;111m▄[48;2;196;180;162m[38;2;155;134;117m▄[48;2;201;181;164m[38;2;179;159;141m▄[48;2;185;172;162m[38;2;200;192;178m▄[48;2;222;218;212m[38;2;216;209;192m▄[48;2;188;187;180m[38;2;210;202;187m▄[48;2;154;154;141m[38;2;196;194;181m▄[48;2;102;103;92m[38;2;161;156;145m▄[48;2;134;140;131m[38;2;120;119;106m▄[48;2;172;172;159m[38;2;96;93;77m▄[48;2;131;121;110m[38;2;82;79;61m▄[48;2;119;113;102m[38;2;118;115;98m▄[48;2;114;107;93m[38;2;113;103;88m▄[48;2;141;128;119m[38;2;132;118;109m▄[48;2;131;115;106m[38;2;104;87;76m▄[48;2;116;99;91m[38;2;126;110;102m▄[m
[48;2;117;110;83m[38;2;123;110;86m▄[48;2;78;88;37m[38;2;89;88;49m▄[48;2;78;97;41m[38;2;88;94;58m▄[48;2;118;136;91m[38;2;87;98;51m▄[48;2;77;95;39m[38;2;85;91;42m▄[48;2;81;90;45m[38;2;85;81;53m▄[48;2;83;85;50m[38;2;76;73;43m▄[48;2;86;82;54m[38;2;84;78;46m▄[48;2;95;89;56m[38;2;75;66;41m▄[48;2;67;60;36m[38;2;52;53;28m▄[48;2;80;83;56m[38;2;74;87;58m▄[48;2;100;118;72m[38;2;81;96;56m▄[48;2;81;98;53m[38;2;61;74;35m▄[48;2;74;85;45m[38;2;84;86;55m▄[48;2;88;85;62m[38;2;108;99;77m▄[48;2;79;74;54m[38;2;81;73;50m▄[48;2;134;129;109m[38;2;54;48;38m▄[48;2;145;141;116m[38;2;75;69;57m▄[48;2;148;136;114m[38;2;110;103;87m▄[48;2;110;102;80m[38;2;105;100;79m▄[48;2;104;89;62m[38;2;103;91;64m▄[48;2;144;121;90m[38;2;103;84;60m▄[48;2;135;112;86m[38;2;84;66;48m▄[48;2;142;118;93m[38;2;74;58;42m▄[48;2;126;104;85m[38;2;49;40;27m▄[48;2;177;159;140m[38;2;94;78;62m▄[48;2;215;197;188m[38;2;206;194;182m▄[48;2;195;176;170m[38;2;203;186;181m▄[48;2;184;169;161m[38;2;188;170;165m▄[48;2;167;148;137m[38;2;188;170;152m▄[48;2;161;143;125m[38;2;167;146;125m▄[48;2;191;174;152m[38;2;183;161;139m▄[48;2;194;176;157m[38;2;190;170;152m▄[48;2;144;128;111m[38;2;168;157;141m▄[48;2;86;76;59m[38;2;98;87;71m▄[48;2;56;48;34m[38;2;53;40;27m▄[48;2;13;9;8m[38;2;9;7;2m▄[48;2;38;33;26m[38;2;11;9;5m▄[48;2;197;182;166m[38;2;183;172;159m▄[48;2;166;140;125m[38;2;192;169;147m▄[48;2;135;111;97m[38;2;176;148;132m▄[48;2;176;142;127m[38;2;187;151;135m▄[48;2;122;98;81m[38;2;163;133;119m▄[48;2;47;37;28m[38;2;122;105;90m▄[48;2;16;9;5m[38;2;83;70;60m▄[48;2;70;59;48m[38;2;49;46;32m▄[48;2;166;153;140m[38;2;74;66;51m▄[48;2;200;189;181m[38;2;167;151;133m▄[48;2;203;192;171m[38;2;200;187;169m▄[48;2;225;221;210m[38;2;198;190;175m▄[48;2;216;211;198m[38;2;208;197;178m▄[48;2;197;182;168m[38;2;203;181;162m▄[48;2;195;185;175m[38;2;176;156;140m▄[48;2;197;183;176m[38;2;198;178;165m▄[48;2;190;174;165m[38;2;189;171;157m▄[48;2;150;135;123m[38;2;175;154;139m▄[48;2;118;98;86m[38;2;165;139;127m▄[48;2;136;117;103m[38;2;173;149;136m▄[48;2;135;115;107m[38;2;192;168;157m▄[48;2;136;119;112m[38;2;173;147;139m▄[m
[48;2;97;87;66m[38;2;152;137;118m▄[48;2;138;123;101m[38;2;139;128;104m▄[48;2;109;100;70m[38;2;78;72;40m▄[48;2;104;100;64m[38;2;85;77;46m▄[48;2;82;77;47m[38;2;78;74;51m▄[48;2;84;74;55m[38;2;73;64;49m▄[48;2;83;77;50m[38;2;46;42;25m▄[48;2;56;49;24m[38;2;51;55;26m▄[48;2;63;67;34m[38;2;73;85;38m▄[48;2;80;90;60m[38;2;72;83;39m▄[48;2;91;102;63m[38;2;86;96;57m▄[48;2;69;82;33m[38;2;55;63;24m▄[48;2;51;63;13m[38;2;52;59;18m▄[48;2;45;46;19m[38;2;37;37;16m▄[48;2;79;72;53m[38;2;68;64;47m▄[48;2;81;74;50m[38;2;112;104;81m▄[48;2;29;29;16m[38;2;166;159;133m▄[48;2;4;4;6m[38;2;136;131;111m▄[48;2;4;4;5m[38;2;128;125;105m▄[48;2;10;8;7m[38;2;71;69;53m▄[48;2;23;20;12m[38;2;19;18;7m▄[48;2;42;37;25m[38;2;7;8;4m▄[48;2;88;75;55m[38;2;58;50;42m▄[48;2;113;93;72m[38;2;120;98;75m▄[48;2;105;87;66m[38;2;118;98;77m▄[48;2;95;78;59m[38;2;92;76;56m▄[48;2;86;76;56m[38;2;114;102;80m▄[48;2;50;41;29m[38;2;92;80;61m▄[48;2;86;77;64m[38;2;77;66;48m▄[48;2;145;130;107m[38;2;93;77;61m▄[48;2;145;125;101m[38;2;148;127;104m▄[48;2;196;176;152m[38;2;197;179;158m▄[48;2;202;184;165m[38;2;194;177;158m▄[48;2;183;167;152m[38;2;174;156;140m▄[48;2;112;96;80m[38;2;127;112;97m▄[48;2;65;57;39m[38;2;96;88;70m▄[48;2;25;20;13m[38;2;62;54;42m▄[48;2;10;5;2m[38;2;46;37;29m▄[48;2;131;123;108m[38;2;141;133;118m▄[48;2;123;107;90m[38;2;158;140;123m▄[48;2;183;154;132m[38;2;175;148;128m▄[48;2;196;160;144m[38;2;191;159;144m▄[48;2;181;152;142m[38;2;181;152;141m▄[48;2;148;126;117m[38;2;167;144;133m▄[48;2;127;112;102m[38;2;168;146;135m▄[48;2;102;89;76m[38;2;137;113;103m▄[48;2;66;59;44m[38;2;77;64;50m▄[48;2;90;82;63m[38;2;46;37;23m▄[48;2;174;172;158m[38;2;79;80;68m▄[48;2;200;198;186m[38;2;167;163;149m▄[48;2;188;176;154m[38;2;183;171;146m▄[48;2;196;171;153m[38;2;175;153;133m▄[48;2;191;167;153m[38;2;191;167;153m▄[48;2;204;181;169m[38;2;206;184;171m▄[48;2;202;181;168m[38;2;191;168;155m▄[48;2;209;184;172m[38;2;199;175;163m▄[48;2;183;157;144m[38;2;195;171;160m▄[48;2;145;120;107m[38;2;171;147;137m▄[48;2;169;145;133m[38;2;163;139;129m▄[48;2;191;165;155m[38;2;174;149;136m▄[m
[48;2;140;122;98m[38;2;118;103;75m▄[48;2;118;109;80m[38;2;85;75;50m▄[48;2;78;73;44m[38;2;93;87;57m▄[48;2;66;59;36m[38;2;70;60;35m▄[48;2;34;32;17m[38;2;40;47;18m▄[48;2;40;40;22m[38;2;36;45;17m▄[48;2;58;67;26m[38;2;63;73;40m▄[48;2;66;77;40m[38;2;71;82;50m▄[48;2;54;64;28m[38;2;54;64;31m▄[48;2;72;81;49m[38;2;47;54;28m▄[48;2;39;43;18m[38;2;28;32;16m▄[48;2;38;43;19m[38;2;47;48;29m▄[48;2;38;40;13m[38;2;59;58;35m▄[48;2;39;37;20m[38;2;34;31;16m▄[48;2;53;50;34m[38;2;53;50;34m▄[48;2;142;130;108m[38;2;104;97;75m▄[48;2;194;180;146m[38;2;164;150;116m▄[48;2;178;160;129m[38;2;182;164;130m▄[48;2;201;185;155m[38;2;195;182;147m▄[48;2;163;152;122m[38;2;159;149;117m▄[48;2;186;179;152m[38;2;177;167;142m▄[48;2;197;191;166m[38;2;178;165;138m▄[48;2;190;177;151m[38;2;164;145;114m▄[48;2;185;160;134m[38;2;146;122;96m▄[48;2;169;149;133m[38;2;167;139;116m▄[48;2;99;91;80m[38;2;192;170;143m▄[48;2;101;93;81m[38;2;186;162;136m▄[48;2;66;57;42m[38;2;152;135;110m▄[48;2;98;92;75m[38;2;142;131;107m▄[48;2;64;55;41m[38;2;156;137;115m▄[48;2;89;74;56m[38;2;113;99;81m▄[48;2;174;157;134m[38;2;196;177;155m▄[48;2;190;172;157m[38;2;221;202;192m▄[48;2;192;174;161m[38;2;206;188;180m▄[48;2;190;172;161m[38;2;193;173;166m▄[48;2;164;149;137m[38;2;186;169;162m▄[48;2;133;118;108m[38;2;161;144;135m▄[48;2;172;158;146m[38;2;218;202;185m▄[48;2;214;201;181m[38;2;219;203;182m▄[48;2;198;169;149m[38;2;225;195;173m▄[48;2;182;152;134m[38;2;222;190;173m▄[48;2;204;172;158m[38;2;213;187;174m▄[48;2;184;156;144m[38;2;198;174;161m▄[48;2;181;157;146m[38;2;203;184;172m▄[48;2;209;186;177m[38;2;219;199;191m▄[48;2;159;134;123m[38;2;189;166;156m▄[48;2;157;131;122m[38;2;192;166;155m▄[48;2;138;112;104m[38;2;174;145;135m▄[48;2;101;88;79m[38;2;151;126;119m▄[48;2;76;76;59m[38;2;131;118;106m▄[48;2;162;154;132m[38;2;142;134;113m▄[48;2;175;153;133m[38;2;204;183;157m▄[48;2;174;153;137m[38;2;187;165;147m▄[48;2;199;177;165m[38;2;186;164;154m▄[48;2;194;167;158m[38;2;181;154;148m▄[48;2;190;167;156m[38;2;182;159;152m▄[48;2;175;152;143m[38;2;168;145;136m▄[48;2;151;128;120m[38;2;143;120;112m▄[48;2;173;149;142m[38;2;166;143;134m▄[48;2;174;151;139m[38;2;165;141;132m▄[m
[48;2;131;114;83m[38;2;104;91;71m▄[48;2;113;99;70m[38;2;83;72;55m▄[48;2;76;65;42m[38;2;84;76;56m▄[48;2;47;45;29m[38;2;12;12;7m▄[48;2;39;53;21m[38;2;11;15;8m▄[48;2;37;49;20m[38;2;37;42;29m▄[48;2;39;46;21m[38;2;32;43;20m▄[48;2;49;58;24m[38;2;70;81;46m▄[48;2;72;82;45m[38;2;53;61;29m▄[48;2;60;67;40m[38;2;49;54;19m▄[48;2;41;45;26m[38;2;56;61;28m▄[48;2;74;79;44m[38;2;52;59;18m▄[48;2;73;78;49m[38;2;39;43;18m▄[48;2;51;48;34m[38;2;102;90;68m▄[48;2;39;38;26m[38;2;43;41;29m▄[48;2;55;53;39m[38;2;45;43;32m▄[48;2;135;127;95m[38;2;126;121;97m▄[48;2;162;146;114m[38;2;187;178;151m▄[48;2;166;157;120m[38;2;159;154;121m▄[48;2;145;147;121m[38;2;169;173;150m▄[48;2;151;144;123m[38;2;160;158;135m▄[48;2;131;119;90m[38;2;149;141;117m▄[48;2;161;146;115m[38;2;134;123;98m▄[48;2;175;146;125m[38;2;149;125;103m▄[48;2;161;133;109m[38;2;151;127;101m▄[48;2;165;141;116m[38;2;160;138;114m▄[48;2;155;132;107m[38;2;152;133;108m▄[48;2;159;140;115m[38;2;169;150;129m▄[48;2;127;114;91m[38;2;139;123;102m▄[48;2;146;123;104m[38;2;71;55;37m▄[48;2;130;110;86m[38;2;101;86;65m▄[48;2;174;155;135m[38;2;80;66;47m▄[48;2;225;207;198m[38;2;191;174;163m▄[48;2;212;194;184m[38;2;207;188;181m▄[48;2;194;175;166m[38;2;211;192;185m▄[48;2;183;164;157m[38;2;204;185;179m▄[48;2;164;145;130m[38;2;160;143;129m▄[48;2;201;184;161m[38;2;184;173;157m▄[48;2;209;191;169m[38;2;208;198;178m▄[48;2;188;159;136m[38;2;193;171;149m▄[48;2;180;147;131m[38;2;177;148;134m▄[48;2;194;165;154m[38;2;187;162;151m▄[48;2;168;141;130m[38;2;176;150;139m▄[48;2;184;166;153m[38;2;181;160;147m▄[48;2;199;175;165m[38;2;197;172;163m▄[48;2;196;172;162m[38;2;173;149;139m▄[48;2;171;145;137m[38;2;169;145;137m▄[48;2;153;126;119m[38;2;177;154;146m▄[48;2;197;170;160m[38;2;165;141;129m▄[48;2;186;162;152m[38;2;176;152;137m▄[48;2;146;131;119m[38;2;181;162;148m▄[48;2;119;105;82m[38;2;161;142;125m▄[48;2;167;140;126m[38;2;148;126;110m▄[48;2;177;158;146m[38;2;171;150;135m▄[48;2;186;165;159m[38;2;164;143;137m▄[48;2;180;160;152m[38;2;198;178;170m▄[48;2;184;160;148m[38;2;196;175;162m▄[48;2;152;127;115m[38;2;163;136;124m▄[48;2;160;137;125m[38;2;158;139;126m▄[48;2;139;119;108m[38;2;143;124;113m▄[m
[48;2;50;47;34m[38;2;93;81;53m▄[48;2;44;36;26m[38;2;83;80;43m▄[48;2;53;55;32m[38;2;76;89;33m▄[48;2;28;34;17m[38;2;75;87;35m▄[48;2;17;22;11m[38;2;67;79;29m▄[48;2;36;37;23m[38;2;70;80;36m▄[48;2;27;35;15m[38;2;72;82;36m▄[48;2;49;59;26m[38;2;67;76;29m▄[48;2;45;50;23m[38;2;70;78;32m▄[48;2;44;46;20m[38;2;59;69;21m▄[48;2;36;42;17m[38;2;62;72;29m▄[48;2;23;30;9m[38;2;45;53;17m▄[48;2;40;41;23m[38;2;51;58;21m▄[48;2;42;36;30m[38;2;41;43;25m▄[48;2;25;25;20m[38;2;17;17;11m▄[48;2;7;7;5m[38;2;5;5;3m▄[48;2;47;50;39m[38;2;3;2;5m▄[48;2;137;136;122m[38;2;7;7;5m▄[48;2;164;159;139m[38;2;30;27;18m▄[48;2;173;166;147m[38;2;57;54;42m▄[48;2;167;154;128m[38;2;80;77;58m▄[48;2;149;135;108m[38;2;98;92;74m▄[48;2;143;128;102m[38;2;89;79;56m▄[48;2;138;121;104m[38;2;144;124;102m▄[48;2;103;87;69m[38;2;186;162;138m▄[48;2;96;84;66m[38;2;169;147;124m▄[48;2;112;104;85m[38;2;166;146;123m▄[48;2;118;101;88m[38;2;168;153;132m▄[48;2;107;91;72m[38;2;147;134;117m▄[48;2;113;95;77m[38;2;105;97;86m▄[48;2;104;87;63m[38;2;86;82;67m▄[48;2;80;63;41m[38;2;66;62;54m▄[48;2;179;162;148m[38;2;34;31;26m▄[48;2;233;215;208m[38;2;69;60;52m▄[48;2;226;208;201m[38;2;134;119;104m▄[48;2;210;193;188m[38;2;175;163;152m▄[48;2;160;146;133m[38;2;196;191;175m▄[48;2;149;141;133m[38;2;215;208;191m▄[48;2;134;131;122m[38;2;217;208;188m▄[48;2;173;167;154m[38;2;221;214;195m▄[48;2;170;157;148m[38;2;213;200;184m▄[48;2;165;149;136m[38;2;226;200;181m▄[48;2;169;149;135m[38;2;236;213;196m▄[48;2;144;122;106m[38;2;224;205;189m▄[48;2;171;145;131m[38;2;188;174;160m▄[48;2;181;155;143m[38;2;160;148;138m▄[48;2;158;136;126m[38;2;141;127;116m▄[48;2;152;131;125m[38;2;162;144;137m▄[48;2;178;152;141m[38;2;163;143;129m▄[48;2;186;161;147m[38;2;150;126;109m▄[48;2;185;161;145m[38;2;156;135;112m▄[48;2;184;161;142m[38;2;165;146;125m▄[48;2;154;133;117m[38;2;149;130;116m▄[48;2;149;130;117m[38;2;164;150;139m▄[48;2;164;140;133m[38;2;156;137;130m▄[48;2;183;162;154m[38;2;199;181;172m▄[48;2;219;198;186m[38;2;193;174;164m▄[48;2;172;146;135m[38;2;181;158;148m▄[48;2;175;156;143m[38;2;193;174;159m▄[48;2;188;166;155m[38;2;170;146;132m▄[m
[48;2;55;49;31m[38;2;54;54;34m▄[48;2;87;94;43m[38;2;90;96;42m▄[48;2;101;115;41m[38;2;77;86;32m▄[48;2;102;117;42m[38;2;80;88;34m▄[48;2;100;116;41m[38;2;77;84;32m▄[48;2;94;111;37m[38;2;85;92;36m▄[48;2;102;114;46m[38;2;81;85;34m▄[48;2;102;108;47m[38;2;91;93;38m▄[48;2;96;103;43m[38;2;83;92;35m▄[48;2;91;97;34m[38;2;93;96;45m▄[48;2;92;100;36m[38;2;100;98;53m▄[48;2;90;98;39m[38;2;96;94;52m▄[48;2;87;96;41m[38;2;103;100;57m▄[48;2;84;91;38m[38;2;90;93;42m▄[48;2;65;71;27m[38;2;83;93;34m▄[48;2;60;72;23m[38;2;69;85;16m▄[48;2;40;51;16m[38;2;68;89;19m▄[48;2;31;34;22m[38;2;58;71;29m▄[48;2;72;74;58m[38;2;80;78;67m▄[48;2;53;54;42m[38;2;98;100;73m▄[48;2;100;99;89m[38;2;173;168;151m▄[48;2;129;126;112m[38;2;117;115;93m▄[48;2;132;123;110m[38;2;88;82;65m▄[48;2;104;96;84m[38;2;113;101;84m▄[48;2;117;109;93m[38;2;147;134;114m▄[48;2;85;76;63m[38;2;119;108;86m▄[48;2;101;92;78m[38;2;94;83;63m▄[48;2;84;71;58m[38;2;100;87;71m▄[48;2;128;114;94m[38;2;54;47;28m▄[48;2;147;133;112m[38;2;72;65;50m▄[48;2;134;121;99m[38;2;95;86;73m▄[48;2;150;136;119m[38;2;45;36;24m▄[48;2;148;137;119m[38;2;82;71;58m▄[48;2;155;144;127m[38;2;124;112;92m▄[48;2;183;171;151m[38;2;145;132;108m▄[48;2;173;165;152m[38;2;183;168;145m▄[48;2;166;162;148m[38;2;202;187;167m▄[48;2;207;203;194m[38;2;229;219;198m▄[48;2;162;158;145m[38;2;242;239;225m▄[48;2;195;189;174m[38;2;230;217;199m▄[48;2;181;177;163m[38;2;227;212;188m▄[48;2;148;134;117m[38;2;209;191;175m▄[48;2;127;112;97m[38;2;206;186;172m▄[48;2;161;144;127m[38;2;225;209;194m▄[48;2;176;160;146m[38;2;227;213;197m▄[48;2;198;188;176m[38;2;211;206;196m▄[48;2;219;213;204m[38;2;197;193;179m▄[48;2;192;182;178m[38;2;217;207;193m▄[48;2;184;176;167m[38;2;219;212;200m▄[48;2;135;128;120m[38;2;203;191;181m▄[48;2;146;140;124m[38;2;217;209;197m▄[48;2;161;155;141m[38;2;159;157;146m▄[48;2;164;155;146m[38;2;157;152;143m▄[48;2;193;188;181m[38;2;186;183;176m▄[48;2;174;166;154m[38;2;161;147;134m▄[48;2;180;168;158m[38;2;159;142;133m▄[48;2;217;201;189m[38;2;172;148;134m▄[48;2;169;148;137m[38;2;174;152;137m▄[48;2;189;171;155m[38;2;193;172;154m▄[48;2;198;171;157m[38;2;203;176;159m▄[m
[48;2;80;88;45m[38;2;78;89;38m▄[48;2;92;99;46m[38;2;80;90;32m▄[48;2;74;80;32m[38;2;74;85;27m▄[48;2;71;73;28m[38;2;92;99;46m▄[48;2;87;85;41m[38;2;104;106;54m▄[48;2;98;94;52m[38;2;88;96;42m▄[48;2;94;97;50m[38;2;68;79;27m▄[48;2;88;96;38m[38;2;55;67;14m▄[48;2;84;96;38m[38;2;69;78;25m▄[48;2;88;99;38m[38;2;84;92;37m▄[48;2;78;89;33m[38;2;74;86;30m▄[48;2;68;67;30m[38;2;76;90;33m▄[48;2;84;74;49m[38;2;84;94;42m▄[48;2;99;88;62m[38;2;92;86;55m▄[48;2;104;100;65m[38;2;86;80;56m▄[48;2;79;83;39m[38;2;51;56;20m▄[48;2;52;62;17m[38;2;49;55;17m▄[48;2;69;80;27m[38;2;50;57;17m▄[48;2;58;66;25m[38;2;66;77;31m▄[48;2;36;39;24m[38;2;73;85;36m▄[48;2;63;59;48m[38;2;169;164;145m▄[48;2;95;89;72m[38;2;175;167;142m▄[48;2;54;50;42m[38;2;196;187;162m▄[48;2;107;97;86m[38;2;207;195;177m▄[48;2;119;108;95m[38;2;213;197;181m▄[48;2;168;159;141m[38;2;214;199;176m▄[48;2;162;154;135m[38;2;190;175;151m▄[48;2;166;153;135m[38;2;193;178;157m▄[48;2;157;146;131m[38;2;190;176;155m▄[48;2;132;120;106m[38;2;194;178;157m▄[48;2;140;132;116m[38;2;211;198;180m▄[48;2;147;142;125m[38;2;222;212;190m▄[48;2;122;118;107m[38;2;220;209;187m▄[48;2;118;110;97m[38;2;225;213;190m▄[48;2;142;131;107m[38;2;207;193;171m▄[48;2;147;136;112m[38;2;183;172;154m▄[48;2;152;140;120m[38;2;204;200;184m▄[48;2;183;173;155m[38;2;188;185;173m▄[48;2;195;189;175m[38;2;226;222;212m▄[48;2;191;183;162m[38;2;218;215;201m▄[48;2;191;175;151m[38;2;197;195;189m▄[48;2;189;165;150m[38;2;177;172;162m▄[48;2;185;160;143m[38;2;175;168;154m▄[48;2;184;162;145m[38;2;162;157;144m▄[48;2;191;167;152m[38;2;174;170;159m▄[48;2;179;160;146m[38;2;189;184;173m▄[48;2;190;172;160m[38;2;189;181;171m▄[48;2;192;169;153m[38;2;164;146;130m▄[48;2;155;134;119m[38;2;143;124;109m▄[48;2;168;151;132m[38;2;167;147;129m▄[48;2;155;138;121m[38;2;129;111;88m▄[48;2;217;202;187m[38;2;135;120;94m▄[48;2;212;201;191m[38;2;190;176;161m▄[48;2;178;171;164m[38;2;197;183;168m▄[48;2;171;154;145m[38;2;209;186;173m▄[48;2;198;177;166m[38;2;196;171;156m▄[48;2;191;163;147m[38;2;185;155;141m▄[48;2;170;150;137m[38;2;225;208;188m▄[48;2;145;130;116m[38;2;231;217;199m▄[48;2;163;142;124m[38;2;220;205;182m▄[m
[0;38;2;58;62;18m▀[0;38;2;72;77;28m▀[0;38;2;74;78;28m▀[0;38;2;69;73;23m▀[0;38;2;73;77;27m▀[0;38;2;59;69;16m▀[0;38;2;77;83;33m▀[0;38;2;68;76;26m▀[0;38;2;67;78;27m▀[0;38;2;66;73;26m▀[0;38;2;60;70;21m▀[0;38;2;66;79;27m▀[0;38;2;56;71;20m▀[0;38;2;68;71;29m▀[0;38;2;78;84;36m▀[0;38;2;59;65;27m▀[0;38;2;52;59;18m▀[0;38;2;52;60;19m▀[0;38;2;61;73;27m▀[0;38;2;72;80;34m▀[0;38;2;176;167;145m▀[0;38;2;201;192;171m▀[0;38;2;210;199;188m▀[0;38;2;218;203;195m▀[0;38;2;221;205;200m▀[0;38;2;215;198;189m▀[0;38;2;209;193;181m▀[0;38;2;203;187;173m▀[0;38;2;204;189;173m▀[0;38;2;184;167;154m▀[0;38;2;213;197;183m▀[0;38;2;217;202;190m▀[0;38;2;218;209;198m▀[0;38;2;210;200;183m▀[0;38;2;185;170;154m▀[0;38;2;206;196;180m▀[0;38;2;223;214;199m▀[0;38;2;211;202;184m▀[0;38;2;213;203;187m▀[0;38;2;215;203;189m▀[0;38;2;212;202;188m▀[0;38;2;203;192;168m▀[0;38;2;204;190;161m▀[0;38;2;202;189;159m▀[0;38;2;202;191;169m▀[0;38;2;193;181;160m▀[0;38;2;219;213;196m▀[0;38;2;220;217;206m▀[0;38;2;170;163;152m▀[0;38;2;157;139;124m▀[0;38;2;131;115;98m▀[0;38;2;137;119;104m▀[0;38;2;162;145;128m▀[0;38;2;175;160;145m▀[0;38;2;193;180;170m▀[0;38;2;179;168;156m▀[0;38;2;203;188;175m▀[0;38;2;188;174;164m▀[0;38;2;177;171;161m▀[0;38;2;155;147;138m▀[m
[?25h