[s[?25l[48;2;0;0;0m[38;2;0;0;0m▄[48;2;0;0;0m[38;2;0;0;0m▄[48;2;0;0;0m[38;2;0;0;0m▄[48;2;0;0;0m[38;2;0;0;0m▄[48;2;0;0;0m[38;2;0;0;0m▄[48;2;0;0;0m[38;2;0;0;0m▄[48;2;0;0;0m[38;2;0;0;0m▄[48;2;0;0;0m[38;2;0;0;0m▄[48;2;0;0;0m[38;2;0;0;0m▄[48;2;0;0;0m[38;2;0;0;0m▄[48;2;0;0;0m[38;2;0;0;0m▄[48;2;0;0;0m[38;2;0;0;0m▄[48;2;0;0;0m[38;2;0;0;0m▄[48;2;0;0;0m[38;2;0;0;0m▄[48;2;0;0;0m[38;2;0;0;0m▄[48;2;0;0;0m[38;2;0;0;0m▄[48;2;0;0;0m[38;2;0;0;0m▄[48;2;0;0;0m[38;2;0;0;0m▄[48;2;0;0;0m[38;2;0;0;0m▄[48;2;0;0;0m[38;2;0;0;0m▄[48;2;0;0;0m[38;2;0;0;0m▄[48;2;0;0;0m[38;2;0;0;0m▄[48;2;0;0;0m[38;2;0;0;0m▄[48;2;0;0;0m[38;2;0;0;0m▄[48;2;0;0;0m[38;2;0;0;0m▄[48;2;0;0;0m[38;2;0;0;0m▄[48;2;0;0;0m[38;2;0;0;0m▄[48;2;0;0;0m[38;2;0;0;0m▄[48;2;0;0;0m[38;2;0;0;0m▄[48;2;0;0;0m[38;2;0;0;0m▄[48;2;0;0;0m[38;2;0;0;0m▄[48;2;0;0;0m[38;2;0;0;0m▄[48;2;0;0;0m[38;2;0;0;0m▄[48;2;0;0;0m[38;2;0;0;0m▄[48;2;0;0;0m[38;2;0;0;0m▄[48;2;0;0;0m[38;2;0;0;0m▄[48;2;0;0;0m[38;2;0;0;0m▄[48;2;0;0;0m[38;2;0;0;0m▄[48;2;0;0;0m[38;2;0;0;0m▄[48;2;0;0;0m[38;2;0;0;0m▄[48;2;0;0;0m[38;2;0;0;0m▄[48;2;0;0;0m[38;2;0;0;0m▄[48;2;0;0;0m[38;2;0;0;0m▄[48;2;0;0;0m[38;2;0;0;0m▄[48;2;0;0;0m[38;2;0;0;0m▄[48;2;0;0;0m[38;2;0;0;0m▄[48;2;0;0;0m[38;2;0;0;0m▄[48;2;0;0;0m[38;2;0;0;0m▄[48;2;0;0;0m[38;2;0;0;0m▄[48;2;0;0;0m[38;2;0;0;0m▄[48;2;0;0;0m[38;2;0;0;0m▄[48;2;0;0;0m[38;2;0;0;0m▄[48;2;0;0;0m[38;2;0;0;0m▄[48;2;0;0;0m[38;2;0;0;0m▄[48;2;0;0;0m[38;2;0;0;0m▄[48;2;0;0;0m[38;2;0;0;0m▄[48;2;0;0;0m[38;2;0;0;0m▄[48;2;0;0;0m[38;2;0;0;0m▄[48;2;0;0;0m[38;2;0;0;0m▄[48;2;0;0;0m[38;2;0;0;0m▄[m
[48;2;0;0;0m[38;2;0;0;0m▄[48;2;0;0;0m[38;2;0;0;0m▄[48;2;0;0;0m[38;2;0;0;0m▄[48;2;0;0;0m[38;2;0;0;0m▄[48;2;0;0;0m[38;2;0;0;0m▄[48;2;0;0;0m[38;2;0;0;0m▄[48;2;0;0;0m[38;2;0;0;0m▄[48;2;0;0;0m[38;2;0;0;0m▄[48;2;0;0;0m[38;2;0;0;0m▄[48;2;0;0;0m[38;2;0;0;0m▄[48;2;0;0;0m[38;2;0;0;0m▄[48;2;0;0;0m[38;2;0;0;0m▄[48;2;0;0;0m[38;2;0;0;0m▄[48;2;0;0;0m[38;2;0;0;0m▄[48;2;0;0;0m[38;2;0;0;0m▄[48;2;0;0;0m[38;2;0;0;0m▄[48;2;0;0;0m[38;2;0;0;0m▄[48;2;0;0;0m[38;2;0;0;0m▄[48;2;0;0;0m[38;2;0;0;0m▄[48;2;0;0;0m[38;2;0;0;0m▄[48;2;0;0;0m[38;2;0;0;0m▄[48;2;0;0;0m[38;2;0;0;0m▄[48;2;0;0;0m[38;2;0;0;0m▄[48;2;0;0;0m[38;2;0;0;0m▄[48;2;0;0;0m[38;2;0;0;0m▄[48;2;0;0;0m[38;2;0;0;0m▄[48;2;0;0;0m[38;2;0;0;0m▄[48;2;0;0;0m[38;2;0;0;0m▄[48;2;0;0;0m[38;2;0;0;0m▄[48;2;0;0;0m[38;2;0;0;0m▄[48;2;0;0;0m[38;2;0;0;0m▄[48;2;0;0;0m[38;2;0;0;0m▄[48;2;0;0;0m[38;2;0;0;0m▄[48;2;0;0;0m[38;2;0;0;0m▄[48;2;0;0;0m[38;2;0;0;0m▄[48;2;0;0;0m[38;2;0;0;0m▄[48;2;0;0;0m[38;2;0;0;0m▄[48;2;0;0;0m[38;2;149;149;149m▄[48;2;0;0;0m[38;2;156;156;156m▄[48;2;0;0;0m[38;2;146;146;146m▄[48;2;0;0;0m[38;2;156;156;156m▄[48;2;0;0;0m[38;2;15;15;15m▄[48;2;0;0;0m[38;2;0;0;0m▄[48;2;0;0;0m[38;2;0;0;0m▄[48;2;0;0;0m[38;2;0;0;0m▄[48;2;0;0;0m[38;2;0;0;0m▄[48;2;0;0;0m[38;2;0;0;0m▄[48;2;0;0;0m[38;2;0;0;0m▄[48;2;0;0;0m[38;2;0;0;0m▄[48;2;0;0;0m[38;2;0;0;0m▄[48;2;0;0;0m[38;2;0;0;0m▄[48;2;0;0;0m[38;2;0;0;0m▄[48;2;0;0;0m[38;2;0;0;0m▄[48;2;0;0;0m[38;2;0;0;0m▄[48;2;0;0;0m[38;2;0;0;0m▄[48;2;0;0;0m[38;2;0;0;0m▄[48;2;0;0;0m[38;2;0;0;0m▄[48;2;0;0;0m[38;2;0;0;0m▄[48;2;0;0;0m[38;2;0;0;0m▄[48;2;0;0;0m[38;2;0;0;0m▄[m
[48;2;0;0;0m[38;2;0;0;0m▄[48;2;0;0;0m[38;2;0;0;0m▄[48;2;0;0;0m[38;2;0;0;0m▄[48;2;0;0;0m[38;2;0;0;0m▄[48;2;0;0;0m[38;2;0;0;0m▄[48;2;0;0;0m[38;2;0;0;0m▄[48;2;0;0;0m[38;2;0;0;0m▄[48;2;0;0;0m[38;2;0;0;0m▄[48;2;0;0;0m[38;2;0;0;0m▄[48;2;0;0;0m[38;2;0;0;0m▄[48;2;0;0;0m[38;2;0;0;0m▄[48;2;0;0;0m[38;2;0;0;0m▄[48;2;0;0;0m[38;2;0;0;0m▄[48;2;0;0;0m[38;2;0;0;0m▄[48;2;0;0;0m[38;2;0;0;0m▄[48;2;0;0;0m[38;2;0;0;0m▄[48;2;0;0;0m[38;2;0;0;0m▄[48;2;0;0;0m[38;2;0;0;0m▄[48;2;0;0;0m[38;2;0;0;0m▄[48;2;0;0;0m[38;2;0;0;0m▄[48;2;0;0;0m[38;2;0;0;0m▄[48;2;0;0;0m[38;2;0;0;0m▄[48;2;0;0;0m[38;2;0;0;0m▄[48;2;0;0;0m[38;2;0;0;0m▄[48;2;0;0;0m[38;2;0;0;0m▄[48;2;0;0;0m[38;2;0;0;0m▄[48;2;0;0;0m[38;2;0;0;0m▄[48;2;0;0;0m[38;2;0;0;0m▄[48;2;0;0;0m[38;2;0;0;0m▄[48;2;0;0;0m[38;2;0;0;0m▄[48;2;0;0;0m[38;2;0;0;0m▄[48;2;0;0;0m[38;2;0;0;0m▄[48;2;0;0;0m[38;2;0;0;0m▄[48;2;0;0;0m[38;2;0;0;0m▄[48;2;0;0;0m[38;2;0;0;0m▄[48;2;0;0;0m[38;2;0;0;0m▄[48;2;65;65;65m[38;2;171;171;171m▄[48;2;198;198;198m[38;2;168;168;168m▄[48;2;166;166;166m[38;2;157;157;157m▄[48;2;161;161;161m[38;2;158;158;158m▄[48;2;153;153;153m[38;2;150;150;150m▄[48;2;125;125;125m[38;2;160;160;160m▄[48;2;5;5;5m[38;2;129;129;129m▄[48;2;0;0;0m[38;2;0;0;0m▄[48;2;0;0;0m[38;2;0;0;0m▄[48;2;0;0;0m[38;2;0;0;0m▄[48;2;0;0;0m[38;2;0;0;0m▄[48;2;0;0;0m[38;2;0;0;0m▄[48;2;0;0;0m[38;2;0;0;0m▄[48;2;0;0;0m[38;2;0;0;0m▄[48;2;0;0;0m[38;2;0;0;0m▄[48;2;0;0;0m[38;2;0;0;0m▄[48;2;0;0;0m[38;2;0;0;0m▄[48;2;0;0;0m[38;2;0;0;0m▄[48;2;0;0;0m[38;2;0;0;0m▄[48;2;0;0;0m[38;2;0;0;0m▄[48;2;0;0;0m[38;2;0;0;0m▄[48;2;0;0;0m[38;2;0;0;0m▄[48;2;0;0;0m[38;2;0;0;0m▄[48;2;0;0;0m[38;2;0;0;0m▄[m
[48;2;0;0;0m[38;2;0;0;0m▄[48;2;0;0;0m[38;2;0;0;0m▄[48;2;0;0;0m[38;2;0;0;0m▄[48;2;0;0;0m[38;2;0;0;0m▄[48;2;0;0;0m[38;2;0;0;0m▄[48;2;0;0;0m[38;2;0;0;0m▄[48;2;0;0;0m[38;2;0;0;0m▄[48;2;0;0;0m[38;2;0;0;0m▄[48;2;0;0;0m[38;2;0;0;0m▄[48;2;0;0;0m[38;2;0;0;0m▄[48;2;0;0;0m[38;2;0;0;0m▄[48;2;0;0;0m[38;2;0;0;0m▄[48;2;0;0;0m[38;2;0;0;0m▄[48;2;0;0;0m[38;2;0;0;0m▄[48;2;0;0;0m[38;2;0;0;0m▄[48;2;0;0;0m[38;2;0;0;0m▄[48;2;0;0;0m[38;2;0;0;0m▄[48;2;0;0;0m[38;2;0;0;0m▄[48;2;0;0;0m[38;2;0;0;0m▄[48;2;0;0;0m[38;2;0;0;0m▄[48;2;0;0;0m[38;2;0;0;0m▄[48;2;0;0;0m[38;2;0;0;0m▄[48;2;0;0;0m[38;2;0;0;0m▄[48;2;0;0;0m[38;2;0;0;0m▄[48;2;0;0;0m[38;2;0;0;0m▄[48;2;0;0;0m[38;2;0;0;0m▄[48;2;0;0;0m[38;2;0;0;0m▄[48;2;0;0;0m[38;2;0;0;0m▄[48;2;0;0;0m[38;2;0;0;0m▄[48;2;0;0;0m[38;2;0;0;0m▄[48;2;0;0;0m[38;2;0;0;0m▄[48;2;0;0;0m[38;2;0;0;0m▄[48;2;0;0;0m[38;2;0;0;0m▄[48;2;0;0;0m[38;2;0;0;0m▄[48;2;0;0;0m[38;2;0;0;0m▄[48;2;67;67;67m[38;2;155;155;155m▄[48;2;186;186;186m[38;2;159;160;159m▄[48;2;159;159;159m[38;2;157;157;157m▄[48;2;148;148;148m[38;2;153;153;153m▄[48;2;148;148;148m[38;2;151;151;151m▄[48;2;158;158;158m[38;2;160;160;160m▄[48;2;161;161;161m[38;2;166;166;166m▄[48;2;169;169;169m[38;2;172;172;172m▄[48;2;142;142;142m[38;2;168;168;168m▄[48;2;26;26;26m[38;2;161;161;161m▄[48;2;0;0;0m[38;2;84;84;84m▄[48;2;0;0;0m[38;2;11;11;11m▄[48;2;0;0;0m[38;2;0;0;0m▄[48;2;0;0;0m[38;2;0;0;0m▄[48;2;0;0;0m[38;2;0;0;0m▄[48;2;0;0;0m[38;2;0;0;0m▄[48;2;0;0;0m[38;2;0;0;0m▄[48;2;0;0;0m[38;2;0;0;0m▄[48;2;0;0;0m[38;2;0;0;0m▄[48;2;0;0;0m[38;2;0;0;0m▄[48;2;0;0;0m[38;2;0;0;0m▄[48;2;0;0;0m[38;2;0;0;0m▄[48;2;0;0;0m[38;2;0;0;0m▄[48;2;0;0;0m[38;2;0;0;0m▄[48;2;0;0;0m[38;2;0;0;0m▄[m
[48;2;0;0;0m[38;2;0;0;0m▄[48;2;0;0;0m[38;2;0;0;0m▄[48;2;0;0;0m[38;2;0;0;0m▄[48;2;0;0;0m[38;2;0;0;0m▄[48;2;0;0;0m[38;2;0;0;0m▄[48;2;0;0;0m[38;2;0;0;0m▄[48;2;0;0;0m[38;2;0;0;0m▄[48;2;0;0;0m[38;2;0;0;0m▄[48;2;0;0;0m[38;2;0;0;0m▄[48;2;0;0;0m[38;2;0;0;0m▄[48;2;0;0;0m[38;2;0;0;0m▄[48;2;0;0;0m[38;2;0;0;0m▄[48;2;0;0;0m[38;2;0;0;0m▄[48;2;0;0;0m[38;2;0;0;0m▄[48;2;0;0;0m[38;2;0;0;0m▄[48;2;0;0;0m[38;2;0;0;0m▄[48;2;0;0;0m[38;2;0;0;0m▄[48;2;0;0;0m[38;2;0;0;0m▄[48;2;0;0;0m[38;2;0;0;0m▄[48;2;0;0;0m[38;2;0;0;0m▄[48;2;0;0;0m[38;2;0;0;0m▄[48;2;0;0;0m[38;2;0;0;0m▄[48;2;0;0;0m[38;2;0;0;0m▄[48;2;0;0;0m[38;2;0;0;0m▄[48;2;0;0;0m[38;2;0;0;0m▄[48;2;0;0;0m[38;2;0;0;0m▄[48;2;0;0;0m[38;2;0;0;0m▄[48;2;0;0;0m[38;2;0;0;0m▄[48;2;0;0;0m[38;2;0;0;0m▄[48;2;0;0;0m[38;2;0;0;0m▄[48;2;0;0;0m[38;2;0;0;0m▄[48;2;0;0;0m[38;2;0;0;0m▄[48;2;0;0;0m[38;2;0;0;0m▄[48;2;0;0;0m[38;2;0;0;0m▄[48;2;0;0;0m[38;2;0;0;0m▄[48;2;137;138;138m[38;2;56;54;52m▄[48;2;159;160;159m[38;2;157;151;148m▄[48;2;151;151;153m[38;2;150;151;152m▄[48;2;151;151;151m[38;2;146;146;146m▄[48;2;153;153;153m[38;2;152;152;152m▄[48;2;160;160;160m[38;2;162;162;162m▄[48;2;173;173;173m[38;2;175;175;175m▄[48;2;176;176;176m[38;2;181;181;181m▄[48;2;168;168;168m[38;2;163;163;163m▄[48;2;156;156;156m[38;2;157;157;157m▄[48;2;154;154;154m[38;2;128;128;128m▄[48;2;153;153;153m[38;2;142;142;142m▄[48;2;105;105;105m[38;2;136;136;136m▄[48;2;45;45;45m[38;2;143;143;143m▄[48;2;0;0;0m[38;2;148;148;148m▄[48;2;0;0;0m[38;2;120;120;120m▄[48;2;0;0;0m[38;2;71;71;71m▄[48;2;0;0;0m[38;2;16;16;16m▄[48;2;0;0;0m[38;2;0;0;0m▄[48;2;0;0;0m[38;2;0;0;0m▄[48;2;0;0;0m[38;2;0;0;0m▄[48;2;0;0;0m[38;2;0;0;0m▄[48;2;0;0;0m[38;2;0;0;0m▄[48;2;0;0;0m[38;2;0;0;0m▄[48;2;0;0;0m[38;2;0;0;0m▄[m
[48;2;0;0;0m[38;2;0;0;0m▄[48;2;0;0;0m[38;2;0;0;0m▄[48;2;0;0;0m[38;2;0;0;0m▄[48;2;0;0;0m[38;2;0;0;0m▄[48;2;0;0;0m[38;2;0;0;0m▄[48;2;0;0;0m[38;2;0;0;0m▄[48;2;0;0;0m[38;2;0;0;0m▄[48;2;0;0;0m[38;2;0;0;0m▄[48;2;0;0;0m[38;2;0;0;0m▄[48;2;0;0;0m[38;2;0;0;0m▄[48;2;0;0;0m[38;2;0;0;0m▄[48;2;0;0;0m[38;2;0;0;0m▄[48;2;0;0;0m[38;2;0;0;0m▄[48;2;0;0;0m[38;2;0;0;0m▄[48;2;0;0;0m[38;2;0;0;0m▄[48;2;0;0;0m[38;2;0;0;0m▄[48;2;0;0;0m[38;2;0;0;0m▄[48;2;0;0;0m[38;2;0;0;0m▄[48;2;0;0;0m[38;2;0;0;0m▄[48;2;0;0;0m[38;2;0;0;0m▄[48;2;0;0;0m[38;2;0;0;0m▄[48;2;0;0;0m[38;2;0;0;0m▄[48;2;0;0;0m[38;2;0;0;0m▄[48;2;0;0;0m[38;2;0;0;0m▄[48;2;0;0;0m[38;2;0;0;0m▄[48;2;0;0;0m[38;2;0;0;0m▄[48;2;0;0;0m[38;2;0;0;0m▄[48;2;0;0;0m[38;2;0;0;0m▄[48;2;0;0;0m[38;2;0;0;0m▄[48;2;0;0;0m[38;2;0;0;0m▄[48;2;0;0;0m[38;2;0;0;0m▄[48;2;0;0;0m[38;2;0;0;0m▄[48;2;0;0;0m[38;2;0;0;0m▄[48;2;0;0;0m[38;2;0;0;0m▄[48;2;0;0;0m[38;2;24;22;21m▄[48;2;134;118;107m[38;2;203;167;145m▄[48;2;150;140;135m[38;2;125;102;85m▄[48;2;137;134;133m[38;2;100;79;69m▄[48;2;143;137;133m[38;2;176;135;112m▄[48;2;154;152;152m[38;2;187;144;121m▄[48;2;164;163;167m[38;2;164;153;152m▄[48;2;175;174;178m[38;2;173;172;177m▄[48;2;178;177;179m[38;2;168;167;171m▄[48;2;167;167;167m[38;2;164;164;165m▄[48;2;157;157;157m[38;2;153;153;153m▄[48;2;145;145;145m[38;2;141;141;141m▄[48;2;132;132;132m[38;2;145;145;145m▄[48;2;124;124;124m[38;2;123;123;123m▄[48;2;123;123;123m[38;2;121;121;121m▄[48;2;117;117;117m[38;2;114;114;114m▄[48;2;134;135;134m[38;2;106;107;107m▄[48;2;158;158;158m[38;2;125;125;125m▄[48;2;167;164;165m[38;2;154;150;151m▄[48;2;155;152;150m[38;2;161;156;152m▄[48;2;126;124;122m[38;2;162;158;155m▄[48;2;30;30;29m[38;2;42;42;41m▄[48;2;0;0;0m[38;2;0;0;0m▄[48;2;0;0;0m[38;2;0;0;0m▄[48;2;0;0;0m[38;2;0;0;0m▄[48;2;0;0;0m[38;2;0;0;0m▄[m
[48;2;0;0;0m[38;2;0;0;0m▄[48;2;0;0;0m[38;2;0;0;0m▄[48;2;0;0;0m[38;2;0;0;0m▄[48;2;0;0;0m[38;2;0;0;0m▄[48;2;0;0;0m[38;2;0;0;0m▄[48;2;0;0;0m[38;2;0;0;0m▄[48;2;0;0;0m[38;2;0;0;0m▄[48;2;0;0;0m[38;2;0;0;0m▄[48;2;0;0;0m[38;2;0;0;0m▄[48;2;0;0;0m[38;2;0;0;0m▄[48;2;0;0;0m[38;2;0;0;0m▄[48;2;0;0;0m[38;2;0;0;0m▄[48;2;0;0;0m[38;2;0;0;0m▄[48;2;0;0;0m[38;2;0;0;0m▄[48;2;0;0;0m[38;2;0;0;0m▄[48;2;0;0;0m[38;2;0;0;0m▄[48;2;0;0;0m[38;2;0;0;0m▄[48;2;0;0;0m[38;2;0;0;0m▄[48;2;0;0;0m[38;2;0;0;0m▄[48;2;0;0;0m[38;2;0;0;0m▄[48;2;0;0;0m[38;2;0;0;0m▄[48;2;0;0;0m[38;2;0;0;0m▄[48;2;0;0;0m[38;2;0;0;0m▄[48;2;0;0;0m[38;2;0;0;0m▄[48;2;0;0;0m[38;2;0;0;0m▄[48;2;0;0;0m[38;2;0;0;0m▄[48;2;0;0;0m[38;2;0;0;0m▄[48;2;0;0;0m[38;2;0;0;0m▄[48;2;0;0;0m[38;2;0;0;0m▄[48;2;0;0;0m[38;2;0;0;0m▄[48;2;0;0;0m[38;2;0;0;0m▄[48;2;0;0;0m[38;2;0;0;0m▄[48;2;0;0;0m[38;2;0;0;0m▄[48;2;0;0;0m[38;2;52;50;46m▄[48;2;150;133;123m[38;2;220;189;164m▄[48;2;219;178;148m[38;2;216;172;143m▄[48;2;156;120;99m[38;2;184;144;118m▄[48;2;74;48;43m[38;2;80;49;45m▄[48;2;172;130;110m[38;2;158;120;108m▄[48;2;216;166;135m[38;2;163;136;115m▄[48;2;60;56;54m[38;2;0;0;0m▄[48;2;122;122;122m[38;2;0;0;0m▄[48;2;165;166;167m[38;2;58;58;58m▄[48;2;146;146;148m[38;2;158;158;158m▄[48;2;138;138;138m[38;2;133;133;133m▄[48;2;134;134;134m[38;2;134;134;134m▄[48;2;138;138;138m[38;2;141;141;141m▄[48;2;131;131;131m[38;2;131;131;131m▄[48;2;127;127;127m[38;2;120;120;120m▄[48;2;116;116;116m[38;2;116;116;116m▄[48;2;108;109;108m[38;2;108;109;108m▄[48;2;105;105;105m[38;2;108;108;108m▄[48;2;139;136;137m[38;2;151;150;149m▄[48;2;160;156;153m[38;2;168;164;160m▄[48;2;158;155;152m[38;2;111;109;106m▄[48;2;0;0;0m[38;2;0;0;0m▄[48;2;0;0;0m[38;2;0;0;0m▄[48;2;0;0;0m[38;2;0;0;0m▄[48;2;0;0;0m[38;2;0;0;0m▄[48;2;0;0;0m[38;2;0;0;0m▄[m
[48;2;0;0;0m[38;2;0;0;0m▄[48;2;0;0;0m[38;2;0;0;0m▄[48;2;0;0;0m[38;2;0;0;0m▄[48;2;0;0;0m[38;2;0;0;0m▄[48;2;0;0;0m[38;2;0;0;0m▄[48;2;0;0;0m[38;2;0;0;0m▄[48;2;0;0;0m[38;2;0;0;0m▄[48;2;0;0;0m[38;2;0;0;0m▄[48;2;0;0;0m[38;2;0;0;0m▄[48;2;0;0;0m[38;2;0;0;0m▄[48;2;0;0;0m[38;2;0;0;0m▄[48;2;0;0;0m[38;2;0;0;0m▄[48;2;0;0;0m[38;2;0;0;0m▄[48;2;0;0;0m[38;2;0;0;0m▄[48;2;0;0;0m[38;2;0;0;0m▄[48;2;0;0;0m[38;2;0;0;0m▄[48;2;0;0;0m[38;2;0;0;0m▄[48;2;0;0;0m[38;2;0;0;0m▄[48;2;0;0;0m[38;2;0;0;0m▄[48;2;0;0;0m[38;2;0;0;0m▄[48;2;0;0;0m[38;2;0;0;0m▄[48;2;0;0;0m[38;2;0;0;0m▄[48;2;0;0;0m[38;2;0;0;0m▄[48;2;0;0;0m[38;2;0;0;0m▄[48;2;0;0;0m[38;2;0;0;0m▄[48;2;0;0;0m[38;2;0;0;0m▄[48;2;0;0;0m[38;2;0;0;0m▄[48;2;0;0;0m[38;2;0;0;0m▄[48;2;0;0;0m[38;2;0;0;0m▄[48;2;0;0;0m[38;2;0;0;0m▄[48;2;0;0;0m[38;2;0;0;0m▄[48;2;0;0;0m[38;2;0;0;0m▄[48;2;0;0;0m[38;2;77;71;67m▄[48;2;163;146;133m[38;2;218;186;161m▄[48;2;222;184;156m[38;2;214;172;140m▄[48;2;225;184;152m[38;2;235;194;161m▄[48;2;220;176;147m[38;2;242;194;161m▄[48;2;99;64;56m[38;2;124;85;68m▄[48;2;132;97;91m[38;2;100;65;56m▄[48;2;70;63;58m[38;2;13;12;12m▄[48;2;0;0;0m[38;2;0;0;0m▄[48;2;0;0;0m[38;2;0;0;0m▄[48;2;0;0;0m[38;2;0;0;0m▄[48;2;77;77;77m[38;2;0;0;0m▄[48;2;156;156;156m[38;2;54;54;54m▄[48;2;139;139;139m[38;2;153;153;153m▄[48;2;130;130;130m[38;2;140;140;140m▄[48;2;135;135;135m[38;2;133;133;133m▄[48;2;125;125;125m[38;2;120;120;120m▄[48;2;120;120;120m[38;2;109;109;109m▄[48;2;113;112;113m[38;2;132;133;134m▄[48;2;144;142;143m[38;2;159;158;159m▄[48;2;167;163;161m[38;2;162;158;155m▄[48;2;168;164;161m[38;2;106;105;105m▄[48;2;40;40;40m[38;2;0;0;0m▄[48;2;0;0;0m[38;2;0;0;0m▄[48;2;0;0;0m[38;2;0;0;0m▄[48;2;0;0;0m[38;2;0;0;0m▄[48;2;0;0;0m[38;2;0;0;0m▄[48;2;0;0;0m[38;2;0;0;0m▄[m
[48;2;0;0;0m[38;2;0;0;0m▄[48;2;0;0;0m[38;2;0;0;0m▄[48;2;0;0;0m[38;2;0;0;0m▄[48;2;0;0;0m[38;2;0;0;0m▄[48;2;0;0;0m[38;2;0;0;0m▄[48;2;0;0;0m[38;2;0;0;0m▄[48;2;0;0;0m[38;2;0;0;0m▄[48;2;0;0;0m[38;2;0;0;0m▄[48;2;0;0;0m[38;2;0;0;0m▄[48;2;0;0;0m[38;2;0;0;0m▄[48;2;0;0;0m[38;2;0;0;0m▄[48;2;0;0;0m[38;2;0;0;0m▄[48;2;0;0;0m[38;2;0;0;0m▄[48;2;0;0;0m[38;2;0;0;0m▄[48;2;0;0;0m[38;2;0;0;0m▄[48;2;0;0;0m[38;2;0;0;0m▄[48;2;0;0;0m[38;2;0;0;0m▄[48;2;0;0;0m[38;2;0;0;0m▄[48;2;0;0;0m[38;2;0;0;0m▄[48;2;0;0;0m[38;2;0;0;0m▄[48;2;0;0;0m[38;2;0;0;0m▄[48;2;0;0;0m[38;2;0;0;0m▄[48;2;0;0;0m[38;2;0;0;0m▄[48;2;0;0;0m[38;2;0;0;0m▄[48;2;0;0;0m[38;2;0;0;0m▄[48;2;0;0;0m[38;2;0;0;0m▄[48;2;0;0;0m[38;2;0;0;0m▄[48;2;0;0;0m[38;2;0;0;0m▄[48;2;0;0;0m[38;2;0;0;0m▄[48;2;0;0;0m[38;2;0;0;0m▄[48;2;0;0;0m[38;2;3;3;3m▄[48;2;6;5;5m[38;2;106;90;83m▄[48;2;151;126;114m[38;2;115;64;53m▄[48;2;151;110;89m[38;2;100;48;32m▄[48;2;141;92;69m[38;2;98;44;28m▄[48;2;145;94;71m[38;2;109;55;38m▄[48;2;161;115;98m[38;2;160;117;108m▄[48;2;127;83;71m[38;2;138;87;70m▄[48;2;114;87;76m[38;2;60;51;46m▄[48;2;0;0;0m[38;2;0;0;0m▄[48;2;0;0;0m[38;2;0;0;0m▄[48;2;0;0;0m[38;2;0;0;0m▄[48;2;0;0;0m[38;2;0;0;0m▄[48;2;0;0;0m[38;2;0;0;0m▄[48;2;0;0;0m[38;2;0;0;0m▄[48;2;80;80;80m[38;2;0;0;0m▄[48;2;144;144;144m[38;2;129;129;129m▄[48;2;144;144;144m[38;2;142;142;142m▄[48;2;134;134;134m[38;2;144;144;144m▄[48;2;109;109;109m[38;2;129;129;129m▄[48;2;139;139;139m[38;2;140;140;139m▄[48;2;144;144;144m[38;2;145;144;144m▄[48;2;135;134;132m[38;2;44;44;44m▄[48;2;18;18;18m[38;2;0;0;0m▄[48;2;0;0;0m[38;2;0;0;0m▄[48;2;0;0;0m[38;2;0;0;0m▄[48;2;0;0;0m[38;2;0;0;0m▄[48;2;0;0;0m[38;2;0;0;0m▄[48;2;0;0;0m[38;2;0;0;0m▄[48;2;0;0;0m[38;2;0;0;0m▄[m
[48;2;0;0;0m[38;2;0;0;0m▄[48;2;0;0;0m[38;2;0;0;0m▄[48;2;0;0;0m[38;2;0;0;0m▄[48;2;0;0;0m[38;2;0;0;0m▄[48;2;0;0;0m[38;2;0;0;0m▄[48;2;0;0;0m[38;2;0;0;0m▄[48;2;0;0;0m[38;2;0;0;0m▄[48;2;0;0;0m[38;2;0;0;0m▄[48;2;0;0;0m[38;2;0;0;0m▄[48;2;0;0;0m[38;2;0;0;0m▄[48;2;0;0;0m[38;2;0;0;0m▄[48;2;0;0;0m[38;2;0;0;0m▄[48;2;0;0;0m[38;2;0;0;0m▄[48;2;0;0;0m[38;2;0;0;0m▄[48;2;0;0;0m[38;2;0;0;0m▄[48;2;0;0;0m[38;2;0;0;0m▄[48;2;0;0;0m[38;2;0;0;0m▄[48;2;0;0;0m[38;2;0;0;0m▄[48;2;0;0;0m[38;2;0;0;0m▄[48;2;0;0;0m[38;2;0;0;0m▄[48;2;0;0;0m[38;2;0;0;0m▄[48;2;0;0;0m[38;2;0;0;0m▄[48;2;0;0;0m[38;2;0;0;0m▄[48;2;0;0;0m[38;2;0;0;0m▄[48;2;0;0;0m[38;2;0;0;0m▄[48;2;0;0;0m[38;2;0;0;0m▄[48;2;0;0;0m[38;2;0;0;0m▄[48;2;0;0;0m[38;2;0;0;0m▄[48;2;0;0;0m[38;2;0;0;0m▄[48;2;0;0;0m[38;2;0;0;0m▄[48;2;88;78;74m[38;2;109;90;81m▄[48;2;124;86;70m[38;2;127;82;65m▄[48;2;174;131;107m[38;2;206;157;128m▄[48;2;191;141;113m[38;2;238;190;157m▄[48;2;197;148;118m[38;2;241;196;162m▄[48;2;202;150;121m[38;2;238;187;152m▄[48;2;204;153;125m[38;2;206;172;152m▄[48;2;135;116;105m[38;2;3;3;3m▄[48;2;0;0;0m[38;2;0;0;0m▄[48;2;0;0;0m[38;2;0;0;0m▄[48;2;0;0;0m[38;2;0;0;0m▄[48;2;0;0;0m[38;2;0;0;0m▄[48;2;0;0;0m[38;2;0;0;0m▄[48;2;0;0;0m[38;2;0;0;0m▄[48;2;0;0;0m[38;2;0;0;0m▄[48;2;0;0;0m[38;2;0;0;0m▄[48;2;16;16;16m[38;2;0;0;0m▄[48;2;133;133;133m[38;2;39;39;39m▄[48;2;138;137;137m[38;2;144;141;140m▄[48;2;144;142;142m[38;2;192;187;187m▄[48;2;173;171;170m[38;2;97;96;95m▄[48;2;77;76;75m[38;2;0;0;0m▄[48;2;0;0;0m[38;2;0;0;0m▄[48;2;0;0;0m[38;2;0;0;0m▄[48;2;0;0;0m[38;2;0;0;0m▄[48;2;0;0;0m[38;2;0;0;0m▄[48;2;0;0;0m[38;2;0;0;0m▄[48;2;0;0;0m[38;2;0;0;0m▄[48;2;0;0;0m[38;2;0;0;0m▄[48;2;0;0;0m[38;2;0;0;0m▄[m
[48;2;0;0;0m[38;2;0;0;0m▄[48;2;0;0;0m[38;2;0;0;0m▄[48;2;0;0;0m[38;2;0;0;0m▄[48;2;0;0;0m[38;2;0;0;0m▄[48;2;0;0;0m[38;2;0;0;0m▄[48;2;0;0;0m[38;2;0;0;0m▄[48;2;0;0;0m[38;2;0;0;0m▄[48;2;0;0;0m[38;2;0;0;0m▄[48;2;0;0;0m[38;2;0;0;0m▄[48;2;0;0;0m[38;2;0;0;0m▄[48;2;0;0;0m[38;2;0;0;0m▄[48;2;0;0;0m[38;2;0;0;0m▄[48;2;0;0;0m[38;2;0;0;0m▄[48;2;0;0;0m[38;2;0;0;0m▄[48;2;0;0;0m[38;2;0;0;0m▄[48;2;0;0;0m[38;2;0;0;0m▄[48;2;0;0;0m[38;2;0;0;0m▄[48;2;0;0;0m[38;2;0;0;0m▄[48;2;0;0;0m[38;2;0;0;0m▄[48;2;0;0;0m[38;2;0;0;0m▄[48;2;0;0;0m[38;2;0;0;0m▄[48;2;0;0;0m[38;2;0;0;0m▄[48;2;0;0;0m[38;2;0;0;0m▄[48;2;0;0;0m[38;2;0;0;0m▄[48;2;0;0;0m[38;2;0;0;0m▄[48;2;0;0;0m[38;2;0;0;0m▄[48;2;0;0;0m[38;2;0;0;0m▄[48;2;0;0;0m[38;2;0;0;0m▄[48;2;0;0;0m[38;2;0;0;0m▄[48;2;0;0;0m[38;2;87;80;75m▄[48;2;150;123;112m[38;2;219;187;165m▄[48;2;119;69;53m[38;2;149;101;78m▄[48;2;122;69;46m[38;2;105;48;29m▄[48;2;226;179;145m[38;2;140;87;63m▄[48;2;242;199;165m[38;2;241;192;158m▄[48;2;240;187;151m[38;2;183;152;131m▄[48;2;61;55;50m[38;2;0;0;0m▄[48;2;0;0;0m[38;2;0;0;0m▄[48;2;0;0;0m[38;2;0;0;0m▄[48;2;0;0;0m[38;2;0;0;0m▄[48;2;0;0;0m[38;2;0;0;0m▄[48;2;0;0;0m[38;2;0;0;0m▄[48;2;0;0;0m[38;2;0;0;0m▄[48;2;0;0;0m[38;2;0;0;0m▄[48;2;0;0;0m[38;2;0;0;0m▄[48;2;0;0;0m[38;2;0;0;0m▄[48;2;0;0;0m[38;2;0;0;0m▄[48;2;0;0;0m[38;2;0;0;0m▄[48;2;50;50;50m[38;2;0;0;0m▄[48;2;4;4;4m[38;2;0;0;0m▄[48;2;0;0;0m[38;2;0;0;0m▄[48;2;0;0;0m[38;2;0;0;0m▄[48;2;0;0;0m[38;2;0;0;0m▄[48;2;0;0;0m[38;2;0;0;0m▄[48;2;0;0;0m[38;2;0;0;0m▄[48;2;0;0;0m[38;2;0;0;0m▄[48;2;0;0;0m[38;2;0;0;0m▄[48;2;0;0;0m[38;2;0;0;0m▄[48;2;0;0;0m[38;2;0;0;0m▄[48;2;0;0;0m[38;2;0;0;0m▄[m
[48;2;0;0;0m[38;2;0;0;0m▄[48;2;0;0;0m[38;2;0;0;0m▄[48;2;0;0;0m[38;2;0;0;0m▄[48;2;0;0;0m[38;2;0;0;0m▄[48;2;0;0;0m[38;2;0;0;0m▄[48;2;0;0;0m[38;2;0;0;0m▄[48;2;0;0;0m[38;2;0;0;0m▄[48;2;0;0;0m[38;2;0;0;0m▄[48;2;0;0;0m[38;2;0;0;0m▄[48;2;0;0;0m[38;2;0;0;0m▄[48;2;0;0;0m[38;2;0;0;0m▄[48;2;0;0;0m[38;2;0;0;0m▄[48;2;0;0;0m[38;2;0;0;0m▄[48;2;0;0;0m[38;2;0;0;0m▄[48;2;0;0;0m[38;2;0;0;0m▄[48;2;0;0;0m[38;2;0;0;0m▄[48;2;0;0;0m[38;2;0;0;0m▄[48;2;0;0;0m[38;2;0;0;0m▄[48;2;0;0;0m[38;2;0;0;0m▄[48;2;0;0;0m[38;2;0;0;0m▄[48;2;0;0;0m[38;2;0;0;0m▄[48;2;0;0;0m[38;2;0;0;0m▄[48;2;0;0;0m[38;2;0;0;0m▄[48;2;0;0;0m[38;2;0;0;0m▄[48;2;0;0;0m[38;2;0;0;0m▄[48;2;0;0;0m[38;2;0;0;0m▄[48;2;0;0;0m[38;2;0;0;0m▄[48;2;0;0;0m[38;2;0;0;0m▄[48;2;0;0;0m[38;2;61;56;53m▄[48;2;193;172;157m[38;2;205;166;143m▄[48;2;228;189;161m[38;2;206;161;131m▄[48;2;224;174;144m[38;2;221;173;142m▄[48;2;114;58;38m[38;2;193;144;116m▄[48;2;127;72;54m[38;2;115;67;52m▄[48;2;196;143;117m[38;2;116;69;51m▄[48;2;66;59;54m[38;2;6;6;6m▄[48;2;0;0;0m[38;2;0;0;0m▄[48;2;0;0;0m[38;2;0;0;0m▄[48;2;0;0;0m[38;2;0;0;0m▄[48;2;0;0;0m[38;2;0;0;0m▄[48;2;0;0;0m[38;2;0;0;0m▄[48;2;0;0;0m[38;2;0;0;0m▄[48;2;0;0;0m[38;2;0;0;0m▄[48;2;0;0;0m[38;2;0;0;0m▄[48;2;0;0;0m[38;2;0;0;0m▄[48;2;0;0;0m[38;2;0;0;0m▄[48;2;0;0;0m[38;2;0;0;0m▄[48;2;0;0;0m[38;2;0;0;0m▄[48;2;0;0;0m[38;2;0;0;0m▄[48;2;0;0;0m[38;2;0;0;0m▄[48;2;0;0;0m[38;2;0;0;0m▄[48;2;0;0;0m[38;2;0;0;0m▄[48;2;0;0;0m[38;2;0;0;0m▄[48;2;0;0;0m[38;2;0;0;0m▄[48;2;0;0;0m[38;2;0;0;0m▄[48;2;0;0;0m[38;2;0;0;0m▄[48;2;0;0;0m[38;2;0;0;0m▄[48;2;0;0;0m[38;2;0;0;0m▄[48;2;0;0;0m[38;2;0;0;0m▄[48;2;0;0;0m[38;2;0;0;0m▄[m
[48;2;0;0;0m[38;2;0;0;0m▄[48;2;0;0;0m[38;2;0;0;0m▄[48;2;0;0;0m[38;2;0;0;0m▄[48;2;0;0;0m[38;2;0;0;0m▄[48;2;0;0;0m[38;2;0;0;0m▄[48;2;0;0;0m[38;2;0;0;0m▄[48;2;0;0;0m[38;2;0;0;0m▄[48;2;0;0;0m[38;2;0;0;0m▄[48;2;0;0;0m[38;2;0;0;0m▄[48;2;0;0;0m[38;2;0;0;0m▄[48;2;0;0;0m[38;2;0;0;0m▄[48;2;0;0;0m[38;2;0;0;0m▄[48;2;0;0;0m[38;2;0;0;0m▄[48;2;0;0;0m[38;2;0;0;0m▄[48;2;0;0;0m[38;2;0;0;0m▄[48;2;0;0;0m[38;2;0;0;0m▄[48;2;0;0;0m[38;2;0;0;0m▄[48;2;0;0;0m[38;2;0;0;0m▄[48;2;0;0;0m[38;2;0;0;0m▄[48;2;0;0;0m[38;2;0;0;0m▄[48;2;0;0;0m[38;2;0;0;0m▄[48;2;0;0;0m[38;2;0;0;0m▄[48;2;0;0;0m[38;2;0;0;0m▄[48;2;0;0;0m[38;2;0;0;0m▄[48;2;0;0;0m[38;2;0;0;0m▄[48;2;0;0;0m[38;2;0;0;0m▄[48;2;0;0;0m[38;2;6;6;6m▄[48;2;54;46;44m[38;2;128;100;91m▄[48;2;126;92;84m[38;2;131;86;68m▄[48;2;111;62;44m[38;2;132;78;55m▄[48;2;98;47;27m[38;2;114;61;36m▄[48;2;95;43;24m[38;2;106;52;32m▄[48;2;107;60;44m[38;2;160;118;106m▄[48;2;128;87;76m[38;2;140;95;81m▄[48;2;119;83;71m[38;2;81;64;60m▄[48;2;0;0;0m[38;2;0;0;0m▄[48;2;0;0;0m[38;2;0;0;0m▄[48;2;0;0;0m[38;2;0;0;0m▄[48;2;0;0;0m[38;2;0;0;0m▄[48;2;0;0;0m[38;2;0;0;0m▄[48;2;0;0;0m[38;2;0;0;0m▄[48;2;0;0;0m[38;2;0;0;0m▄[48;2;0;0;0m[38;2;0;0;0m▄[48;2;0;0;0m[38;2;0;0;0m▄[48;2;0;0;0m[38;2;0;0;0m▄[48;2;0;0;0m[38;2;0;0;0m▄[48;2;0;0;0m[38;2;0;0;0m▄[48;2;0;0;0m[38;2;0;0;0m▄[48;2;0;0;0m[38;2;0;0;0m▄[48;2;0;0;0m[38;2;0;0;0m▄[48;2;0;0;0m[38;2;0;0;0m▄[48;2;0;0;0m[38;2;0;0;0m▄[48;2;0;0;0m[38;2;0;0;0m▄[48;2;0;0;0m[38;2;0;0;0m▄[48;2;0;0;0m[38;2;0;0;0m▄[48;2;0;0;0m[38;2;0;0;0m▄[48;2;0;0;0m[38;2;0;0;0m▄[48;2;0;0;0m[38;2;0;0;0m▄[48;2;0;0;0m[38;2;0;0;0m▄[48;2;0;0;0m[38;2;0;0;0m▄[m
[48;2;0;0;0m[38;2;0;0;0m▄[48;2;0;0;0m[38;2;0;0;0m▄[48;2;0;0;0m[38;2;0;0;0m▄[48;2;0;0;0m[38;2;0;0;0m▄[48;2;0;0;0m[38;2;0;0;0m▄[48;2;0;0;0m[38;2;0;0;0m▄[48;2;0;0;0m[38;2;0;0;0m▄[48;2;0;0;0m[38;2;0;0;0m▄[48;2;0;0;0m[38;2;0;0;0m▄[48;2;0;0;0m[38;2;0;0;0m▄[48;2;0;0;0m[38;2;0;0;0m▄[48;2;0;0;0m[38;2;0;0;0m▄[48;2;0;0;0m[38;2;0;0;0m▄[48;2;0;0;0m[38;2;0;0;0m▄[48;2;0;0;0m[38;2;0;0;0m▄[48;2;0;0;0m[38;2;0;0;0m▄[48;2;0;0;0m[38;2;0;0;0m▄[48;2;0;0;0m[38;2;0;0;0m▄[48;2;0;0;0m[38;2;0;0;0m▄[48;2;0;0;0m[38;2;0;0;0m▄[48;2;0;0;0m[38;2;0;0;0m▄[48;2;0;0;0m[38;2;0;0;0m▄[48;2;0;0;0m[38;2;0;0;0m▄[48;2;0;0;0m[38;2;0;0;0m▄[48;2;0;0;0m[38;2;0;0;0m▄[48;2;0;0;0m[38;2;0;0;0m▄[48;2;51;46;45m[38;2;76;69;64m▄[48;2;130;90;79m[38;2;141;102;85m▄[48;2;136;91;69m[38;2;111;56;34m▄[48;2;228;182;150m[38;2;162;112;84m▄[48;2;242;200;164m[38;2;241;201;167m▄[48;2;241;200;169m[38;2;248;205;174m▄[48;2;236;185;153m[38;2;182;156;136m▄[48;2;89;78;73m[38;2;0;0;0m▄[48;2;0;0;0m[38;2;0;0;0m▄[48;2;0;0;0m[38;2;0;0;0m▄[48;2;0;0;0m[38;2;0;0;0m▄[48;2;0;0;0m[38;2;0;0;0m▄[48;2;0;0;0m[38;2;0;0;0m▄[48;2;0;0;0m[38;2;0;0;0m▄[48;2;0;0;0m[38;2;0;0;0m▄[48;2;0;0;0m[38;2;0;0;0m▄[48;2;0;0;0m[38;2;0;0;0m▄[48;2;0;0;0m[38;2;0;0;0m▄[48;2;0;0;0m[38;2;0;0;0m▄[48;2;0;0;0m[38;2;0;0;0m▄[48;2;0;0;0m[38;2;0;0;0m▄[48;2;0;0;0m[38;2;0;0;0m▄[48;2;0;0;0m[38;2;0;0;0m▄[48;2;0;0;0m[38;2;0;0;0m▄[48;2;0;0;0m[38;2;0;0;0m▄[48;2;0;0;0m[38;2;0;0;0m▄[48;2;0;0;0m[38;2;0;0;0m▄[48;2;0;0;0m[38;2;0;0;0m▄[48;2;0;0;0m[38;2;0;0;0m▄[48;2;0;0;0m[38;2;0;0;0m▄[48;2;0;0;0m[38;2;0;0;0m▄[48;2;0;0;0m[38;2;0;0;0m▄[48;2;0;0;0m[38;2;0;0;0m▄[48;2;0;0;0m[38;2;0;0;0m▄[m
[48;2;0;0;0m[38;2;0;0;0m▄[48;2;0;0;0m[38;2;0;0;0m▄[48;2;0;0;0m[38;2;0;0;0m▄[48;2;0;0;0m[38;2;0;0;0m▄[48;2;0;0;0m[38;2;0;0;0m▄[48;2;0;0;0m[38;2;0;0;0m▄[48;2;0;0;0m[38;2;0;0;0m▄[48;2;0;0;0m[38;2;0;0;0m▄[48;2;0;0;0m[38;2;0;0;0m▄[48;2;0;0;0m[38;2;0;0;0m▄[48;2;0;0;0m[38;2;0;0;0m▄[48;2;0;0;0m[38;2;0;0;0m▄[48;2;0;0;0m[38;2;0;0;0m▄[48;2;0;0;0m[38;2;0;0;0m▄[48;2;0;0;0m[38;2;0;0;0m▄[48;2;0;0;0m[38;2;0;0;0m▄[48;2;0;0;0m[38;2;0;0;0m▄[48;2;0;0;0m[38;2;0;0;0m▄[48;2;0;0;0m[38;2;0;0;0m▄[48;2;0;0;0m[38;2;0;0;0m▄[48;2;0;0;0m[38;2;0;0;0m▄[48;2;0;0;0m[38;2;0;0;0m▄[48;2;0;0;0m[38;2;0;0;0m▄[48;2;0;0;0m[38;2;0;0;0m▄[48;2;0;0;0m[38;2;0;0;0m▄[48;2;0;0;0m[38;2;39;37;35m▄[48;2;170;151;137m[38;2;219;184;161m▄[48;2;208;168;142m[38;2;227;183;153m▄[48;2;117;62;39m[38;2;214;163;133m▄[48;2;105;47;24m[38;2;110;54;35m▄[48;2;198;152;129m[38;2;155;102;88m▄[48;2;241;198;166m[38;2;188;157;138m▄[48;2;59;53;50m[38;2;0;0;0m▄[48;2;0;0;0m[38;2;0;0;0m▄[48;2;0;0;0m[38;2;0;0;0m▄[48;2;0;0;0m[38;2;0;0;0m▄[48;2;0;0;0m[38;2;0;0;0m▄[48;2;0;0;0m[38;2;0;0;0m▄[48;2;0;0;0m[38;2;0;0;0m▄[48;2;0;0;0m[38;2;0;0;0m▄[48;2;0;0;0m[38;2;0;0;0m▄[48;2;0;0;0m[38;2;0;0;0m▄[48;2;0;0;0m[38;2;0;0;0m▄[48;2;0;0;0m[38;2;0;0;0m▄[48;2;0;0;0m[38;2;0;0;0m▄[48;2;0;0;0m[38;2;0;0;0m▄[48;2;0;0;0m[38;2;0;0;0m▄[48;2;0;0;0m[38;2;0;0;0m▄[48;2;0;0;0m[38;2;0;0;0m▄[48;2;0;0;0m[38;2;0;0;0m▄[48;2;0;0;0m[38;2;0;0;0m▄[48;2;0;0;0m[38;2;0;0;0m▄[48;2;0;0;0m[38;2;0;0;0m▄[48;2;0;0;0m[38;2;0;0;0m▄[48;2;0;0;0m[38;2;0;0;0m▄[48;2;0;0;0m[38;2;0;0;0m▄[48;2;0;0;0m[38;2;0;0;0m▄[48;2;0;0;0m[38;2;0;0;0m▄[48;2;0;0;0m[38;2;0;0;0m▄[48;2;0;0;0m[38;2;0;0;0m▄[m
[48;2;0;0;0m[38;2;0;0;0m▄[48;2;0;0;0m[38;2;0;0;0m▄[48;2;0;0;0m[38;2;0;0;0m▄[48;2;0;0;0m[38;2;0;0;0m▄[48;2;0;0;0m[38;2;0;0;0m▄[48;2;0;0;0m[38;2;0;0;0m▄[48;2;0;0;0m[38;2;0;0;0m▄[48;2;0;0;0m[38;2;0;0;0m▄[48;2;0;0;0m[38;2;0;0;0m▄[48;2;0;0;0m[38;2;0;0;0m▄[48;2;0;0;0m[38;2;0;0;0m▄[48;2;0;0;0m[38;2;0;0;0m▄[48;2;0;0;0m[38;2;0;0;0m▄[48;2;0;0;0m[38;2;0;0;0m▄[48;2;0;0;0m[38;2;0;0;0m▄[48;2;0;0;0m[38;2;0;0;0m▄[48;2;0;0;0m[38;2;0;0;0m▄[48;2;0;0;0m[38;2;0;0;0m▄[48;2;0;0;0m[38;2;0;0;0m▄[48;2;0;0;0m[38;2;0;0;0m▄[48;2;0;0;0m[38;2;0;0;0m▄[48;2;0;0;0m[38;2;0;0;0m▄[48;2;0;0;0m[38;2;0;0;0m▄[48;2;0;0;0m[38;2;6;6;6m▄[48;2;5;5;5m[38;2;113;96;90m▄[48;2;137;121;111m[38;2;120;82;72m▄[48;2;199;160;137m[38;2;99;54;38m▄[48;2;202;154;127m[38;2;93;46;28m▄[48;2;223;175;144m[38;2;98;48;30m▄[48;2;160;114;90m[38;2;140;97;83m▄[48;2;127;74;59m[38;2;145;98;80m▄[48;2;125;94;84m[38;2;78;65;58m▄[48;2;0;0;0m[38;2;0;0;0m▄[48;2;0;0;0m[38;2;0;0;0m▄[48;2;0;0;0m[38;2;0;0;0m▄[48;2;0;0;0m[38;2;0;0;0m▄[48;2;0;0;0m[38;2;0;0;0m▄[48;2;0;0;0m[38;2;0;0;0m▄[48;2;0;0;0m[38;2;0;0;0m▄[48;2;0;0;0m[38;2;0;0;0m▄[48;2;0;0;0m[38;2;0;0;0m▄[48;2;0;0;0m[38;2;0;0;0m▄[48;2;0;0;0m[38;2;0;0;0m▄[48;2;0;0;0m[38;2;0;0;0m▄[48;2;0;0;0m[38;2;0;0;0m▄[48;2;0;0;0m[38;2;0;0;0m▄[48;2;0;0;0m[38;2;0;0;0m▄[48;2;0;0;0m[38;2;0;0;0m▄[48;2;0;0;0m[38;2;0;0;0m▄[48;2;0;0;0m[38;2;0;0;0m▄[48;2;0;0;0m[38;2;0;0;0m▄[48;2;0;0;0m[38;2;0;0;0m▄[48;2;0;0;0m[38;2;0;0;0m▄[48;2;0;0;0m[38;2;0;0;0m▄[48;2;0;0;0m[38;2;0;0;0m▄[48;2;0;0;0m[38;2;0;0;0m▄[48;2;0;0;0m[38;2;0;0;0m▄[48;2;0;0;0m[38;2;0;0;0m▄[48;2;0;0;0m[38;2;0;0;0m▄[48;2;0;0;0m[38;2;0;0;0m▄[m
[48;2;0;0;0m[38;2;0;0;0m▄[48;2;0;0;0m[38;2;0;0;0m▄[48;2;0;0;0m[38;2;0;0;0m▄[48;2;0;0;0m[38;2;0;0;0m▄[48;2;0;0;0m[38;2;0;0;0m▄[48;2;0;0;0m[38;2;0;0;0m▄[48;2;0;0;0m[38;2;0;0;0m▄[48;2;0;0;0m[38;2;0;0;0m▄[48;2;0;0;0m[38;2;0;0;0m▄[48;2;0;0;0m[38;2;0;0;0m▄[48;2;0;0;0m[38;2;0;0;0m▄[48;2;0;0;0m[38;2;0;0;0m▄[48;2;0;0;0m[38;2;0;0;0m▄[48;2;0;0;0m[38;2;0;0;0m▄[48;2;0;0;0m[38;2;0;0;0m▄[48;2;0;0;0m[38;2;0;0;0m▄[48;2;0;0;0m[38;2;0;0;0m▄[48;2;0;0;0m[38;2;0;0;0m▄[48;2;0;0;0m[38;2;0;0;0m▄[48;2;0;0;0m[38;2;0;0;0m▄[48;2;0;0;0m[38;2;0;0;0m▄[48;2;0;0;0m[38;2;0;0;0m▄[48;2;0;0;0m[38;2;0;0;0m▄[48;2;86;78;74m[38;2;97;81;77m▄[48;2;118;80;67m[38;2;138;101;90m▄[48;2;160;118;95m[38;2;188;147;123m▄[48;2;143;94;69m[38;2;238;198;160m▄[48;2;129;80;56m[38;2;241;198;161m▄[48;2;144;97;78m[38;2;244;207;176m▄[48;2;188;147;128m[38;2;179;156;138m▄[48;2;132;104;94m[38;2;3;3;3m▄[48;2;6;6;6m[38;2;0;0;0m▄[48;2;0;0;0m[38;2;0;0;0m▄[48;2;0;0;0m[38;2;0;0;0m▄[48;2;0;0;0m[38;2;0;0;0m▄[48;2;0;0;0m[38;2;0;0;0m▄[48;2;0;0;0m[38;2;0;0;0m▄[48;2;0;0;0m[38;2;0;0;0m▄[48;2;0;0;0m[38;2;0;0;0m▄[48;2;0;0;0m[38;2;0;0;0m▄[48;2;0;0;0m[38;2;0;0;0m▄[48;2;0;0;0m[38;2;0;0;0m▄[48;2;0;0;0m[38;2;0;0;0m▄[48;2;0;0;0m[38;2;0;0;0m▄[48;2;0;0;0m[38;2;0;0;0m▄[48;2;0;0;0m[38;2;0;0;0m▄[48;2;0;0;0m[38;2;0;0;0m▄[48;2;0;0;0m[38;2;0;0;0m▄[48;2;0;0;0m[38;2;0;0;0m▄[48;2;0;0;0m[38;2;0;0;0m▄[48;2;0;0;0m[38;2;0;0;0m▄[48;2;0;0;0m[38;2;0;0;0m▄[48;2;0;0;0m[38;2;0;0;0m▄[48;2;0;0;0m[38;2;0;0;0m▄[48;2;0;0;0m[38;2;0;0;0m▄[48;2;0;0;0m[38;2;0;0;0m▄[48;2;0;0;0m[38;2;0;0;0m▄[48;2;0;0;0m[38;2;0;0;0m▄[48;2;0;0;0m[38;2;0;0;0m▄[48;2;0;0;0m[38;2;0;0;0m▄[m
[48;2;0;0;0m[38;2;0;0;0m▄[48;2;0;0;0m[38;2;0;0;0m▄[48;2;0;0;0m[38;2;0;0;0m▄[48;2;0;0;0m[38;2;0;0;0m▄[48;2;0;0;0m[38;2;0;0;0m▄[48;2;0;0;0m[38;2;0;0;0m▄[48;2;0;0;0m[38;2;0;0;0m▄[48;2;0;0;0m[38;2;0;0;0m▄[48;2;0;0;0m[38;2;0;0;0m▄[48;2;0;0;0m[38;2;0;0;0m▄[48;2;0;0;0m[38;2;0;0;0m▄[48;2;0;0;0m[38;2;0;0;0m▄[48;2;0;0;0m[38;2;0;0;0m▄[48;2;0;0;0m[38;2;0;0;0m▄[48;2;0;0;0m[38;2;0;0;0m▄[48;2;0;0;0m[38;2;0;0;0m▄[48;2;0;0;0m[38;2;0;0;0m▄[48;2;0;0;0m[38;2;0;0;0m▄[48;2;0;0;0m[38;2;0;0;0m▄[48;2;0;0;0m[38;2;0;0;0m▄[48;2;0;0;0m[38;2;0;0;0m▄[48;2;0;0;0m[38;2;0;0;0m▄[48;2;0;0;0m[38;2;39;36;34m▄[48;2;142;123;113m[38;2;223;195;174m▄[48;2;124;82;70m[38;2;176;135;114m▄[48;2;107;57;39m[38;2;89;42;25m▄[48;2;226;183;147m[38;2;125;76;56m▄[48;2;242;207;172m[38;2;240;205;177m▄[48;2;244;207;173m[38;2;183;166;146m▄[48;2;51;47;44m[38;2;0;0;0m▄[48;2;0;0;0m[38;2;0;0;0m▄[48;2;0;0;0m[38;2;0;0;0m▄[48;2;0;0;0m[38;2;0;0;0m▄[48;2;0;0;0m[38;2;0;0;0m▄[48;2;0;0;0m[38;2;0;0;0m▄[48;2;0;0;0m[38;2;0;0;0m▄[48;2;0;0;0m[38;2;0;0;0m▄[48;2;0;0;0m[38;2;0;0;0m▄[48;2;0;0;0m[38;2;0;0;0m▄[48;2;0;0;0m[38;2;0;0;0m▄[48;2;0;0;0m[38;2;0;0;0m▄[48;2;0;0;0m[38;2;0;0;0m▄[48;2;0;0;0m[38;2;0;0;0m▄[48;2;0;0;0m[38;2;0;0;0m▄[48;2;0;0;0m[38;2;0;0;0m▄[48;2;0;0;0m[38;2;0;0;0m▄[48;2;0;0;0m[38;2;0;0;0m▄[48;2;0;0;0m[38;2;0;0;0m▄[48;2;0;0;0m[38;2;0;0;0m▄[48;2;0;0;0m[38;2;0;0;0m▄[48;2;0;0;0m[38;2;0;0;0m▄[48;2;0;0;0m[38;2;0;0;0m▄[48;2;0;0;0m[38;2;0;0;0m▄[48;2;0;0;0m[38;2;0;0;0m▄[48;2;0;0;0m[38;2;0;0;0m▄[48;2;0;0;0m[38;2;0;0;0m▄[48;2;0;0;0m[38;2;0;0;0m▄[48;2;0;0;0m[38;2;0;0;0m▄[48;2;0;0;0m[38;2;0;0;0m▄[48;2;0;0;0m[38;2;0;0;0m▄[m
[48;2;0;0;0m[38;2;0;0;0m▄[48;2;0;0;0m[38;2;0;0;0m▄[48;2;0;0;0m[38;2;0;0;0m▄[48;2;0;0;0m[38;2;0;0;0m▄[48;2;0;0;0m[38;2;0;0;0m▄[48;2;0;0;0m[38;2;0;0;0m▄[48;2;0;0;0m[38;2;0;0;0m▄[48;2;0;0;0m[38;2;0;0;0m▄[48;2;0;0;0m[38;2;0;0;0m▄[48;2;0;0;0m[38;2;0;0;0m▄[48;2;0;0;0m[38;2;0;0;0m▄[48;2;0;0;0m[38;2;0;0;0m▄[48;2;0;0;0m[38;2;0;0;0m▄[48;2;0;0;0m[38;2;0;0;0m▄[48;2;0;0;0m[38;2;0;0;0m▄[48;2;0;0;0m[38;2;0;0;0m▄[48;2;0;0;0m[38;2;0;0;0m▄[48;2;0;0;0m[38;2;0;0;0m▄[48;2;0;0;0m[38;2;0;0;0m▄[48;2;0;0;0m[38;2;0;0;0m▄[48;2;0;0;0m[38;2;0;0;0m▄[48;2;0;0;0m[38;2;85;77;73m▄[48;2;146;132;122m[38;2;178;145;126m▄[48;2;235;205;178m[38;2;193;157;132m▄[48;2;236;199;167m[38;2;214;175;145m▄[48;2;135;89;65m[38;2;224;182;152m▄[48;2;130;83;72m[38;2;129;79;68m▄[48;2;198;160;143m[38;2;136;86;72m▄[48;2;76;71;65m[38;2;38;34;32m▄[48;2;0;0;0m[38;2;0;0;0m▄[48;2;0;0;0m[38;2;0;0;0m▄[48;2;0;0;0m[38;2;0;0;0m▄[48;2;0;0;0m[38;2;0;0;0m▄[48;2;0;0;0m[38;2;0;0;0m▄[48;2;0;0;0m[38;2;0;0;0m▄[48;2;0;0;0m[38;2;0;0;0m▄[48;2;0;0;0m[38;2;0;0;0m▄[48;2;0;0;0m[38;2;0;0;0m▄[48;2;0;0;0m[38;2;0;0;0m▄[48;2;0;0;0m[38;2;0;0;0m▄[48;2;0;0;0m[38;2;0;0;0m▄[48;2;0;0;0m[38;2;0;0;0m▄[48;2;0;0;0m[38;2;0;0;0m▄[48;2;0;0;0m[38;2;0;0;0m▄[48;2;0;0;0m[38;2;0;0;0m▄[48;2;0;0;0m[38;2;0;0;0m▄[48;2;0;0;0m[38;2;0;0;0m▄[48;2;0;0;0m[38;2;0;0;0m▄[48;2;0;0;0m[38;2;0;0;0m▄[48;2;0;0;0m[38;2;0;0;0m▄[48;2;0;0;0m[38;2;0;0;0m▄[48;2;0;0;0m[38;2;0;0;0m▄[48;2;0;0;0m[38;2;0;0;0m▄[48;2;0;0;0m[38;2;0;0;0m▄[48;2;0;0;0m[38;2;0;0;0m▄[48;2;0;0;0m[38;2;0;0;0m▄[48;2;0;0;0m[38;2;0;0;0m▄[48;2;0;0;0m[38;2;0;0;0m▄[48;2;0;0;0m[38;2;0;0;0m▄[48;2;0;0;0m[38;2;0;0;0m▄[m
[48;2;0;0;0m[38;2;0;0;0m▄[48;2;0;0;0m[38;2;0;0;0m▄[48;2;0;0;0m[38;2;0;0;0m▄[48;2;0;0;0m[38;2;0;0;0m▄[48;2;0;0;0m[38;2;0;0;0m▄[48;2;0;0;0m[38;2;0;0;0m▄[48;2;0;0;0m[38;2;0;0;0m▄[48;2;0;0;0m[38;2;0;0;0m▄[48;2;0;0;0m[38;2;0;0;0m▄[48;2;0;0;0m[38;2;0;0;0m▄[48;2;0;0;0m[38;2;0;0;0m▄[48;2;0;0;0m[38;2;0;0;0m▄[48;2;0;0;0m[38;2;0;0;0m▄[48;2;0;0;0m[38;2;0;0;0m▄[48;2;0;0;0m[38;2;0;0;0m▄[48;2;0;0;0m[38;2;0;0;0m▄[48;2;0;0;0m[38;2;0;0;0m▄[48;2;0;0;0m[38;2;0;0;0m▄[48;2;0;0;0m[38;2;0;0;0m▄[48;2;0;0;0m[38;2;0;0;0m▄[48;2;79;70;65m[38;2;123;102;92m▄[48;2;113;73;58m[38;2;147;106;87m▄[48;2;123;77;59m[38;2;194;152;129m▄[48;2;113;60;44m[38;2;174;128;103m▄[48;2;109;54;35m[38;2;155;111;87m▄[48;2;124;70;57m[38;2;186;146;132m▄[48;2;133;88;75m[38;2;176;128;116m▄[48;2;137;104;94m[38;2;53;45;43m▄[48;2;17;16;16m[38;2;0;0;0m▄[48;2;0;0;0m[38;2;0;0;0m▄[48;2;0;0;0m[38;2;0;0;0m▄[48;2;0;0;0m[38;2;0;0;0m▄[48;2;0;0;0m[38;2;0;0;0m▄[48;2;0;0;0m[38;2;0;0;0m▄[48;2;0;0;0m[38;2;0;0;0m▄[48;2;0;0;0m[38;2;0;0;0m▄[48;2;0;0;0m[38;2;0;0;0m▄[48;2;0;0;0m[38;2;0;0;0m▄[48;2;0;0;0m[38;2;0;0;0m▄[48;2;0;0;0m[38;2;0;0;0m▄[48;2;0;0;0m[38;2;0;0;0m▄[48;2;0;0;0m[38;2;0;0;0m▄[48;2;0;0;0m[38;2;0;0;0m▄[48;2;0;0;0m[38;2;0;0;0m▄[48;2;0;0;0m[38;2;0;0;0m▄[48;2;0;0;0m[38;2;0;0;0m▄[48;2;0;0;0m[38;2;0;0;0m▄[48;2;0;0;0m[38;2;0;0;0m▄[48;2;0;0;0m[38;2;0;0;0m▄[48;2;0;0;0m[38;2;0;0;0m▄[48;2;0;0;0m[38;2;0;0;0m▄[48;2;0;0;0m[38;2;0;0;0m▄[48;2;0;0;0m[38;2;0;0;0m▄[48;2;0;0;0m[38;2;0;0;0m▄[48;2;0;0;0m[38;2;0;0;0m▄[48;2;0;0;0m[38;2;0;0;0m▄[48;2;0;0;0m[38;2;0;0;0m▄[48;2;0;0;0m[38;2;0;0;0m▄[48;2;0;0;0m[38;2;0;0;0m▄[48;2;0;0;0m[38;2;0;0;0m▄[m
[48;2;0;0;0m[38;2;0;0;0m▄[48;2;0;0;0m[38;2;0;0;0m▄[48;2;0;0;0m[38;2;0;0;0m▄[48;2;0;0;0m[38;2;0;0;0m▄[48;2;0;0;0m[38;2;0;0;0m▄[48;2;0;0;0m[38;2;0;0;0m▄[48;2;0;0;0m[38;2;0;0;0m▄[48;2;0;0;0m[38;2;0;0;0m▄[48;2;0;0;0m[38;2;0;0;0m▄[48;2;0;0;0m[38;2;0;0;0m▄[48;2;0;0;0m[38;2;0;0;0m▄[48;2;0;0;0m[38;2;0;0;0m▄[48;2;0;0;0m[38;2;0;0;0m▄[48;2;0;0;0m[38;2;0;0;0m▄[48;2;0;0;0m[38;2;0;0;0m▄[48;2;0;0;0m[38;2;0;0;0m▄[48;2;0;0;0m[38;2;0;0;0m▄[48;2;0;0;0m[38;2;0;0;0m▄[48;2;0;0;0m[38;2;0;0;0m▄[48;2;0;0;0m[38;2;31;30;28m▄[48;2;124;100;91m[38;2;197;167;152m▄[48;2;139;98;84m[38;2;124;80;65m▄[48;2;182;137;114m[38;2;108;55;36m▄[48;2;243;206;172m[38;2;220;185;158m▄[48;2;244;219;191m[38;2;246;221;193m▄[48;2;244;213;187m[38;2;183;163;146m▄[48;2;23;21;20m[38;2;0;0;0m▄[48;2;0;0;0m[38;2;0;0;0m▄[48;2;0;0;0m[38;2;0;0;0m▄[48;2;0;0;0m[38;2;0;0;0m▄[48;2;0;0;0m[38;2;0;0;0m▄[48;2;0;0;0m[38;2;0;0;0m▄[48;2;0;0;0m[38;2;0;0;0m▄[48;2;0;0;0m[38;2;0;0;0m▄[48;2;0;0;0m[38;2;0;0;0m▄[48;2;0;0;0m[38;2;0;0;0m▄[48;2;0;0;0m[38;2;0;0;0m▄[48;2;0;0;0m[38;2;0;0;0m▄[48;2;0;0;0m[38;2;0;0;0m▄[48;2;0;0;0m[38;2;0;0;0m▄[48;2;0;0;0m[38;2;0;0;0m▄[48;2;0;0;0m[38;2;0;0;0m▄[48;2;0;0;0m[38;2;0;0;0m▄[48;2;0;0;0m[38;2;0;0;0m▄[48;2;0;0;0m[38;2;0;0;0m▄[48;2;0;0;0m[38;2;0;0;0m▄[48;2;0;0;0m[38;2;0;0;0m▄[48;2;0;0;0m[38;2;0;0;0m▄[48;2;0;0;0m[38;2;0;0;0m▄[48;2;0;0;0m[38;2;0;0;0m▄[48;2;0;0;0m[38;2;0;0;0m▄[48;2;0;0;0m[38;2;0;0;0m▄[48;2;0;0;0m[38;2;0;0;0m▄[48;2;0;0;0m[38;2;0;0;0m▄[48;2;0;0;0m[38;2;0;0;0m▄[48;2;0;0;0m[38;2;0;0;0m▄[48;2;0;0;0m[38;2;0;0;0m▄[48;2;0;0;0m[38;2;0;0;0m▄[48;2;0;0;0m[38;2;0;0;0m▄[48;2;0;0;0m[38;2;0;0;0m▄[m
[48;2;0;0;0m[38;2;0;0;0m▄[48;2;0;0;0m[38;2;0;0;0m▄[48;2;0;0;0m[38;2;0;0;0m▄[48;2;0;0;0m[38;2;0;0;0m▄[48;2;0;0;0m[38;2;0;0;0m▄[48;2;0;0;0m[38;2;0;0;0m▄[48;2;0;0;0m[38;2;0;0;0m▄[48;2;0;0;0m[38;2;0;0;0m▄[48;2;0;0;0m[38;2;0;0;0m▄[48;2;0;0;0m[38;2;0;0;0m▄[48;2;0;0;0m[38;2;0;0;0m▄[48;2;0;0;0m[38;2;0;0;0m▄[48;2;0;0;0m[38;2;0;0;0m▄[48;2;0;0;0m[38;2;0;0;0m▄[48;2;0;0;0m[38;2;0;0;0m▄[48;2;0;0;0m[38;2;0;0;0m▄[48;2;0;0;0m[38;2;0;0;0m▄[48;2;0;0;0m[38;2;0;0;0m▄[48;2;0;0;0m[38;2;32;29;28m▄[48;2;125;114;105m[38;2;213;186;167m▄[48;2;233;201;176m[38;2;233;197;170m▄[48;2;183;141;116m[38;2;237;199;168m▄[48;2;100;48;29m[38;2;176;132;105m▄[48;2;152;107;90m[38;2;150;102;88m▄[48;2;240;208;185m[38;2;155;111;93m▄[48;2;56;51;48m[38;2;6;6;6m▄[48;2;0;0;0m[38;2;0;0;0m▄[48;2;0;0;0m[38;2;0;0;0m▄[48;2;0;0;0m[38;2;0;0;0m▄[48;2;0;0;0m[38;2;0;0;0m▄[48;2;0;0;0m[38;2;0;0;0m▄[48;2;0;0;0m[38;2;0;0;0m▄[48;2;0;0;0m[38;2;0;0;0m▄[48;2;0;0;0m[38;2;0;0;0m▄[48;2;0;0;0m[38;2;0;0;0m▄[48;2;0;0;0m[38;2;0;0;0m▄[48;2;0;0;0m[38;2;0;0;0m▄[48;2;0;0;0m[38;2;0;0;0m▄[48;2;0;0;0m[38;2;0;0;0m▄[48;2;0;0;0m[38;2;0;0;0m▄[48;2;0;0;0m[38;2;0;0;0m▄[48;2;0;0;0m[38;2;0;0;0m▄[48;2;0;0;0m[38;2;0;0;0m▄[48;2;0;0;0m[38;2;0;0;0m▄[48;2;0;0;0m[38;2;0;0;0m▄[48;2;0;0;0m[38;2;0;0;0m▄[48;2;0;0;0m[38;2;0;0;0m▄[48;2;0;0;0m[38;2;0;0;0m▄[48;2;0;0;0m[38;2;0;0;0m▄[48;2;0;0;0m[38;2;0;0;0m▄[48;2;0;0;0m[38;2;0;0;0m▄[48;2;0;0;0m[38;2;0;0;0m▄[48;2;0;0;0m[38;2;0;0;0m▄[48;2;0;0;0m[38;2;0;0;0m▄[48;2;0;0;0m[38;2;0;0;0m▄[48;2;0;0;0m[38;2;0;0;0m▄[48;2;0;0;0m[38;2;0;0;0m▄[48;2;0;0;0m[38;2;0;0;0m▄[48;2;0;0;0m[38;2;0;0;0m▄[48;2;0;0;0m[38;2;0;0;0m▄[m
[48;2;0;0;0m[38;2;0;0;0m▄[48;2;0;0;0m[38;2;0;0;0m▄[48;2;0;0;0m[38;2;0;0;0m▄[48;2;0;0;0m[38;2;0;0;0m▄[48;2;0;0;0m[38;2;0;0;0m▄[48;2;0;0;0m[38;2;0;0;0m▄[48;2;0;0;0m[38;2;0;0;0m▄[48;2;0;0;0m[38;2;0;0;0m▄[48;2;0;0;0m[38;2;0;0;0m▄[48;2;0;0;0m[38;2;0;0;0m▄[48;2;0;0;0m[38;2;0;0;0m▄[48;2;0;0;0m[38;2;0;0;0m▄[48;2;0;0;0m[38;2;0;0;0m▄[48;2;0;0;0m[38;2;0;0;0m▄[48;2;0;0;0m[38;2;0;0;0m▄[48;2;0;0;0m[38;2;0;0;0m▄[48;2;0;0;0m[38;2;0;0;0m▄[48;2;28;25;24m[38;2;102;85;80m▄[48;2;131;106;96m[38;2;133;93;80m▄[48;2;151;114;100m[38;2;128;83;74m▄[48;2;133;86;69m[38;2;99;46;30m▄[48;2;122;74;54m[38;2;98;43;27m▄[48;2;119;75;56m[38;2;152;102;91m▄[48;2;134;90;75m[38;2;157;111;98m▄[48;2;140;110;99m[38;2;76;66;62m▄[48;2;0;0;0m[38;2;0;0;0m▄[48;2;0;0;0m[38;2;0;0;0m▄[48;2;0;0;0m[38;2;0;0;0m▄[48;2;0;0;0m[38;2;0;0;0m▄[48;2;0;0;0m[38;2;0;0;0m▄[48;2;0;0;0m[38;2;0;0;0m▄[48;2;0;0;0m[38;2;0;0;0m▄[48;2;0;0;0m[38;2;0;0;0m▄[48;2;0;0;0m[38;2;0;0;0m▄[48;2;0;0;0m[38;2;0;0;0m▄[48;2;0;0;0m[38;2;0;0;0m▄[48;2;0;0;0m[38;2;0;0;0m▄[48;2;0;0;0m[38;2;0;0;0m▄[48;2;0;0;0m[38;2;0;0;0m▄[48;2;0;0;0m[38;2;0;0;0m▄[48;2;0;0;0m[38;2;0;0;0m▄[48;2;0;0;0m[38;2;0;0;0m▄[48;2;0;0;0m[38;2;0;0;0m▄[48;2;0;0;0m[38;2;0;0;0m▄[48;2;0;0;0m[38;2;0;0;0m▄[48;2;0;0;0m[38;2;0;0;0m▄[48;2;0;0;0m[38;2;0;0;0m▄[48;2;0;0;0m[38;2;0;0;0m▄[48;2;0;0;0m[38;2;0;0;0m▄[48;2;0;0;0m[38;2;0;0;0m▄[48;2;0;0;0m[38;2;0;0;0m▄[48;2;0;0;0m[38;2;0;0;0m▄[48;2;0;0;0m[38;2;0;0;0m▄[48;2;0;0;0m[38;2;0;0;0m▄[48;2;0;0;0m[38;2;0;0;0m▄[48;2;0;0;0m[38;2;0;0;0m▄[48;2;0;0;0m[38;2;0;0;0m▄[48;2;0;0;0m[38;2;0;0;0m▄[48;2;0;0;0m[38;2;0;0;0m▄[48;2;0;0;0m[38;2;0;0;0m▄[m
[48;2;0;0;0m[38;2;0;0;0m▄[48;2;0;0;0m[38;2;0;0;0m▄[48;2;0;0;0m[38;2;0;0;0m▄[48;2;0;0;0m[38;2;0;0;0m▄[48;2;0;0;0m[38;2;0;0;0m▄[48;2;0;0;0m[38;2;0;0;0m▄[48;2;0;0;0m[38;2;0;0;0m▄[48;2;0;0;0m[38;2;0;0;0m▄[48;2;0;0;0m[38;2;0;0;0m▄[48;2;0;0;0m[38;2;0;0;0m▄[48;2;0;0;0m[38;2;0;0;0m▄[48;2;0;0;0m[38;2;0;0;0m▄[48;2;0;0;0m[38;2;0;0;0m▄[48;2;0;0;0m[38;2;0;0;0m▄[48;2;0;0;0m[38;2;0;0;0m▄[48;2;0;0;0m[38;2;0;0;0m▄[48;2;0;0;0m[38;2;12;11;11m▄[48;2;124;97;87m[38;2;159;132;117m▄[48;2;145;104;87m[38;2;127;86;71m▄[48;2;217;169;142m[38;2;114;63;42m▄[48;2;235;189;154m[38;2;208;161;128m▄[48;2;236;200;170m[38;2;246;209;179m▄[48;2;236;200;173m[38;2;177;154;136m▄[48;2;35;33;32m[38;2;0;0;0m▄[48;2;0;0;0m[38;2;0;0;0m▄[48;2;0;0;0m[38;2;0;0;0m▄[48;2;0;0;0m[38;2;0;0;0m▄[48;2;0;0;0m[38;2;0;0;0m▄[48;2;0;0;0m[38;2;0;0;0m▄[48;2;0;0;0m[38;2;0;0;0m▄[48;2;0;0;0m[38;2;0;0;0m▄[48;2;0;0;0m[38;2;0;0;0m▄[48;2;0;0;0m[38;2;0;0;0m▄[48;2;0;0;0m[38;2;0;0;0m▄[48;2;0;0;0m[38;2;0;0;0m▄[48;2;0;0;0m[38;2;0;0;0m▄[48;2;0;0;0m[38;2;0;0;0m▄[48;2;0;0;0m[38;2;0;0;0m▄[48;2;0;0;0m[38;2;0;0;0m▄[48;2;0;0;0m[38;2;0;0;0m▄[48;2;0;0;0m[38;2;0;0;0m▄[48;2;0;0;0m[38;2;0;0;0m▄[48;2;0;0;0m[38;2;0;0;0m▄[48;2;0;0;0m[38;2;0;0;0m▄[48;2;0;0;0m[38;2;0;0;0m▄[48;2;0;0;0m[38;2;0;0;0m▄[48;2;0;0;0m[38;2;0;0;0m▄[48;2;0;0;0m[38;2;0;0;0m▄[48;2;0;0;0m[38;2;0;0;0m▄[48;2;0;0;0m[38;2;0;0;0m▄[48;2;0;0;0m[38;2;0;0;0m▄[48;2;0;0;0m[38;2;0;0;0m▄[48;2;0;0;0m[38;2;0;0;0m▄[48;2;0;0;0m[38;2;0;0;0m▄[48;2;0;0;0m[38;2;0;0;0m▄[48;2;0;0;0m[38;2;0;0;0m▄[48;2;0;0;0m[38;2;0;0;0m▄[48;2;0;0;0m[38;2;0;0;0m▄[48;2;0;0;0m[38;2;0;0;0m▄[48;2;0;0;0m[38;2;0;0;0m▄[m
[48;2;0;0;0m[38;2;0;0;0m▄[48;2;0;0;0m[38;2;0;0;0m▄[48;2;0;0;0m[38;2;0;0;0m▄[48;2;0;0;0m[38;2;0;0;0m▄[48;2;0;0;0m[38;2;0;0;0m▄[48;2;0;0;0m[38;2;0;0;0m▄[48;2;0;0;0m[38;2;0;0;0m▄[48;2;0;0;0m[38;2;0;0;0m▄[48;2;0;0;0m[38;2;0;0;0m▄[48;2;0;0;0m[38;2;0;0;0m▄[48;2;0;0;0m[38;2;0;0;0m▄[48;2;0;0;0m[38;2;0;0;0m▄[48;2;0;0;0m[38;2;0;0;0m▄[48;2;0;0;0m[38;2;0;0;0m▄[48;2;0;0;0m[38;2;0;0;0m▄[48;2;0;0;0m[38;2;26;24;23m▄[48;2;114;101;93m[38;2;215;181;158m▄[48;2;220;184;158m[38;2;237;196;167m▄[48;2;156;113;91m[38;2;239;187;149m▄[48;2;92;44;28m[38;2;204;154;120m▄[48;2;131;81;66m[38;2;165;118;97m▄[48;2;188;136;113m[38;2;147;106;95m▄[48;2;87;75;68m[38;2;12;12;11m▄[48;2;0;0;0m[38;2;0;0;0m▄[48;2;0;0;0m[38;2;0;0;0m▄[48;2;0;0;0m[38;2;0;0;0m▄[48;2;0;0;0m[38;2;0;0;0m▄[48;2;0;0;0m[38;2;0;0;0m▄[48;2;0;0;0m[38;2;0;0;0m▄[48;2;0;0;0m[38;2;0;0;0m▄[48;2;0;0;0m[38;2;0;0;0m▄[48;2;0;0;0m[38;2;0;0;0m▄[48;2;0;0;0m[38;2;0;0;0m▄[48;2;0;0;0m[38;2;0;0;0m▄[48;2;0;0;0m[38;2;0;0;0m▄[48;2;0;0;0m[38;2;0;0;0m▄[48;2;0;0;0m[38;2;0;0;0m▄[48;2;0;0;0m[38;2;0;0;0m▄[48;2;0;0;0m[38;2;0;0;0m▄[48;2;0;0;0m[38;2;0;0;0m▄[48;2;0;0;0m[38;2;0;0;0m▄[48;2;0;0;0m[38;2;0;0;0m▄[48;2;0;0;0m[38;2;0;0;0m▄[48;2;0;0;0m[38;2;0;0;0m▄[48;2;0;0;0m[38;2;0;0;0m▄[48;2;0;0;0m[38;2;0;0;0m▄[48;2;0;0;0m[38;2;0;0;0m▄[48;2;0;0;0m[38;2;0;0;0m▄[48;2;0;0;0m[38;2;0;0;0m▄[48;2;0;0;0m[38;2;0;0;0m▄[48;2;0;0;0m[38;2;0;0;0m▄[48;2;0;0;0m[38;2;0;0;0m▄[48;2;0;0;0m[38;2;0;0;0m▄[48;2;0;0;0m[38;2;0;0;0m▄[48;2;0;0;0m[38;2;0;0;0m▄[48;2;0;0;0m[38;2;0;0;0m▄[48;2;0;0;0m[38;2;0;0;0m▄[48;2;0;0;0m[38;2;0;0;0m▄[48;2;0;0;0m[38;2;0;0;0m▄[48;2;0;0;0m[38;2;0;0;0m▄[m
[48;2;0;0;0m[38;2;0;0;0m▄[48;2;0;0;0m[38;2;0;0;0m▄[48;2;0;0;0m[38;2;0;0;0m▄[48;2;0;0;0m[38;2;0;0;0m▄[48;2;0;0;0m[38;2;0;0;0m▄[48;2;0;0;0m[38;2;0;0;0m▄[48;2;0;0;0m[38;2;0;0;0m▄[48;2;0;0;0m[38;2;0;0;0m▄[48;2;0;0;0m[38;2;0;0;0m▄[48;2;0;0;0m[38;2;0;0;0m▄[48;2;0;0;0m[38;2;0;0;0m▄[48;2;0;0;0m[38;2;0;0;0m▄[48;2;0;0;0m[38;2;0;0;0m▄[48;2;0;0;0m[38;2;0;0;0m▄[48;2;0;0;0m[38;2;0;0;0m▄[48;2;117;106;98m[38;2;207;180;160m▄[48;2;233;197;172m[38;2;239;201;175m▄[48;2;237;189;155m[38;2;238;184;148m▄[48;2;241;188;145m[38;2;239;190;146m▄[48;2;241;203;169m[38;2;243;210;182m▄[48;2;236;204;174m[38;2;164;146;128m▄[48;2;47;41;39m[38;2;0;0;0m▄[48;2;0;0;0m[38;2;0;0;0m▄[48;2;0;0;0m[38;2;0;0;0m▄[48;2;0;0;0m[38;2;0;0;0m▄[48;2;0;0;0m[38;2;0;0;0m▄[48;2;0;0;0m[38;2;0;0;0m▄[48;2;0;0;0m[38;2;0;0;0m▄[48;2;0;0;0m[38;2;0;0;0m▄[48;2;0;0;0m[38;2;0;0;0m▄[48;2;0;0;0m[38;2;0;0;0m▄[48;2;0;0;0m[38;2;0;0;0m▄[48;2;0;0;0m[38;2;0;0;0m▄[48;2;0;0;0m[38;2;0;0;0m▄[48;2;0;0;0m[38;2;0;0;0m▄[48;2;0;0;0m[38;2;0;0;0m▄[48;2;0;0;0m[38;2;0;0;0m▄[48;2;0;0;0m[38;2;0;0;0m▄[48;2;0;0;0m[38;2;0;0;0m▄[48;2;0;0;0m[38;2;0;0;0m▄[48;2;0;0;0m[38;2;0;0;0m▄[48;2;0;0;0m[38;2;0;0;0m▄[48;2;0;0;0m[38;2;0;0;0m▄[48;2;0;0;0m[38;2;0;0;0m▄[48;2;0;0;0m[38;2;0;0;0m▄[48;2;0;0;0m[38;2;0;0;0m▄[48;2;0;0;0m[38;2;0;0;0m▄[48;2;0;0;0m[38;2;0;0;0m▄[48;2;0;0;0m[38;2;0;0;0m▄[48;2;0;0;0m[38;2;0;0;0m▄[48;2;0;0;0m[38;2;0;0;0m▄[48;2;0;0;0m[38;2;0;0;0m▄[48;2;0;0;0m[38;2;0;0;0m▄[48;2;0;0;0m[38;2;0;0;0m▄[48;2;0;0;0m[38;2;0;0;0m▄[48;2;0;0;0m[38;2;0;0;0m▄[48;2;0;0;0m[38;2;0;0;0m▄[48;2;0;0;0m[38;2;0;0;0m▄[48;2;0;0;0m[38;2;0;0;0m▄[48;2;0;0;0m[38;2;0;0;0m▄[m
[48;2;0;0;0m[38;2;0;0;0m▄[48;2;0;0;0m[38;2;0;0;0m▄[48;2;0;0;0m[38;2;0;0;0m▄[48;2;0;0;0m[38;2;0;0;0m▄[48;2;0;0;0m[38;2;0;0;0m▄[48;2;0;0;0m[38;2;0;0;0m▄[48;2;0;0;0m[38;2;0;0;0m▄[48;2;0;0;0m[38;2;0;0;0m▄[48;2;0;0;0m[38;2;0;0;0m▄[48;2;0;0;0m[38;2;0;0;0m▄[48;2;0;0;0m[38;2;0;0;0m▄[48;2;0;0;0m[38;2;0;0;0m▄[48;2;0;0;0m[38;2;0;0;0m▄[48;2;0;0;0m[38;2;36;33;32m▄[48;2;104;88;82m[38;2;141;103;91m▄[48;2;221;183;164m[38;2;143;99;82m▄[48;2;236;194;166m[38;2;182;132;106m▄[48;2;238;183;142m[38;2;236;180;142m▄[48;2;242;203;169m[38;2;244;211;181m▄[48;2;242;207;175m[38;2;161;135;118m▄[48;2;18;17;16m[38;2;0;0;0m▄[48;2;0;0;0m[38;2;0;0;0m▄[48;2;0;0;0m[38;2;0;0;0m▄[48;2;0;0;0m[38;2;0;0;0m▄[48;2;0;0;0m[38;2;0;0;0m▄[48;2;0;0;0m[38;2;0;0;0m▄[48;2;0;0;0m[38;2;0;0;0m▄[48;2;0;0;0m[38;2;0;0;0m▄[48;2;0;0;0m[38;2;0;0;0m▄[48;2;0;0;0m[38;2;0;0;0m▄[48;2;0;0;0m[38;2;0;0;0m▄[48;2;0;0;0m[38;2;0;0;0m▄[48;2;0;0;0m[38;2;0;0;0m▄[48;2;0;0;0m[38;2;0;0;0m▄[48;2;0;0;0m[38;2;0;0;0m▄[48;2;0;0;0m[38;2;0;0;0m▄[48;2;0;0;0m[38;2;0;0;0m▄[48;2;0;0;0m[38;2;0;0;0m▄[48;2;0;0;0m[38;2;0;0;0m▄[48;2;0;0;0m[38;2;0;0;0m▄[48;2;0;0;0m[38;2;0;0;0m▄[48;2;0;0;0m[38;2;0;0;0m▄[48;2;0;0;0m[38;2;0;0;0m▄[48;2;0;0;0m[38;2;0;0;0m▄[48;2;0;0;0m[38;2;0;0;0m▄[48;2;0;0;0m[38;2;0;0;0m▄[48;2;0;0;0m[38;2;0;0;0m▄[48;2;0;0;0m[38;2;0;0;0m▄[48;2;0;0;0m[38;2;0;0;0m▄[48;2;0;0;0m[38;2;0;0;0m▄[48;2;0;0;0m[38;2;0;0;0m▄[48;2;0;0;0m[38;2;0;0;0m▄[48;2;0;0;0m[38;2;0;0;0m▄[48;2;0;0;0m[38;2;0;0;0m▄[48;2;0;0;0m[38;2;0;0;0m▄[48;2;0;0;0m[38;2;0;0;0m▄[48;2;0;0;0m[38;2;0;0;0m▄[48;2;0;0;0m[38;2;0;0;0m▄[48;2;0;0;0m[38;2;0;0;0m▄[48;2;0;0;0m[38;2;0;0;0m▄[m
[48;2;0;0;0m[38;2;0;0;0m▄[48;2;0;0;0m[38;2;0;0;0m▄[48;2;0;0;0m[38;2;0;0;0m▄[48;2;0;0;0m[38;2;0;0;0m▄[48;2;0;0;0m[38;2;0;0;0m▄[48;2;0;0;0m[38;2;0;0;0m▄[48;2;0;0;0m[38;2;0;0;0m▄[48;2;0;0;0m[38;2;0;0;0m▄[48;2;0;0;0m[38;2;0;0;0m▄[48;2;0;0;0m[38;2;0;0;0m▄[48;2;0;0;0m[38;2;0;0;0m▄[48;2;0;0;0m[38;2;0;0;0m▄[48;2;0;0;0m[38;2;45;40;38m▄[48;2;100;82;76m[38;2;130;98;85m▄[48;2;130;91;77m[38;2;131;92;76m▄[48;2;126;78;59m[38;2;109;56;38m▄[48;2;115;59;38m[38;2;121;62;44m▄[48;2;150;100;81m[38;2;173;127;114m▄[48;2;229;189;163m[38;2;167;127;118m▄[48;2;55;51;47m[38;2;34;30;29m▄[48;2;0;0;0m[38;2;0;0;0m▄[48;2;0;0;0m[38;2;0;0;0m▄[48;2;0;0;0m[38;2;0;0;0m▄[48;2;0;0;0m[38;2;0;0;0m▄[48;2;0;0;0m[38;2;0;0;0m▄[48;2;0;0;0m[38;2;0;0;0m▄[48;2;0;0;0m[38;2;0;0;0m▄[48;2;0;0;0m[38;2;0;0;0m▄[48;2;0;0;0m[38;2;0;0;0m▄[48;2;0;0;0m[38;2;0;0;0m▄[48;2;0;0;0m[38;2;0;0;0m▄[48;2;0;0;0m[38;2;0;0;0m▄[48;2;0;0;0m[38;2;0;0;0m▄[48;2;0;0;0m[38;2;0;0;0m▄[48;2;0;0;0m[38;2;0;0;0m▄[48;2;0;0;0m[38;2;0;0;0m▄[48;2;0;0;0m[38;2;0;0;0m▄[48;2;0;0;0m[38;2;0;0;0m▄[48;2;0;0;0m[38;2;0;0;0m▄[48;2;0;0;0m[38;2;0;0;0m▄[48;2;0;0;0m[38;2;0;0;0m▄[48;2;0;0;0m[38;2;0;0;0m▄[48;2;0;0;0m[38;2;0;0;0m▄[48;2;0;0;0m[38;2;0;0;0m▄[48;2;0;0;0m[38;2;0;0;0m▄[48;2;0;0;0m[38;2;0;0;0m▄[48;2;0;0;0m[38;2;0;0;0m▄[48;2;0;0;0m[38;2;0;0;0m▄[48;2;0;0;0m[38;2;0;0;0m▄[48;2;0;0;0m[38;2;0;0;0m▄[48;2;0;0;0m[38;2;0;0;0m▄[48;2;0;0;0m[38;2;0;0;0m▄[48;2;0;0;0m[38;2;0;0;0m▄[48;2;0;0;0m[38;2;0;0;0m▄[48;2;0;0;0m[38;2;0;0;0m▄[48;2;0;0;0m[38;2;0;0;0m▄[48;2;0;0;0m[38;2;0;0;0m▄[48;2;0;0;0m[38;2;0;0;0m▄[48;2;0;0;0m[38;2;0;0;0m▄[48;2;0;0;0m[38;2;0;0;0m▄[m
[48;2;0;0;0m[38;2;0;0;0m▄[48;2;0;0;0m[38;2;0;0;0m▄[48;2;0;0;0m[38;2;0;0;0m▄[48;2;0;0;0m[38;2;0;0;0m▄[48;2;0;0;0m[38;2;0;0;0m▄[48;2;0;0;0m[38;2;0;0;0m▄[48;2;0;0;0m[38;2;0;0;0m▄[48;2;0;0;0m[38;2;0;0;0m▄[48;2;0;0;0m[38;2;0;0;0m▄[48;2;0;0;0m[38;2;0;0;0m▄[48;2;0;0;0m[38;2;0;0;0m▄[48;2;0;0;0m[38;2;20;19;19m▄[48;2;100;83;76m[38;2;121;88;76m▄[48;2;131;93;79m[38;2;127;87;71m▄[48;2;126;79;62m[38;2;112;62;43m▄[48;2;103;50;34m[38;2;110;57;40m▄[48;2;124;77;59m[38;2;168;128;116m▄[48;2;169;122;107m[38;2;152;114;101m▄[48;2;84;71;67m[38;2;7;6;6m▄[48;2;0;0;0m[38;2;0;0;0m▄[48;2;0;0;0m[38;2;0;0;0m▄[48;2;0;0;0m[38;2;0;0;0m▄[48;2;0;0;0m[38;2;0;0;0m▄[48;2;0;0;0m[38;2;0;0;0m▄[48;2;0;0;0m[38;2;0;0;0m▄[48;2;0;0;0m[38;2;0;0;0m▄[48;2;0;0;0m[38;2;0;0;0m▄[48;2;0;0;0m[38;2;0;0;0m▄[48;2;0;0;0m[38;2;0;0;0m▄[48;2;0;0;0m[38;2;0;0;0m▄[48;2;0;0;0m[38;2;0;0;0m▄[48;2;0;0;0m[38;2;0;0;0m▄[48;2;0;0;0m[38;2;0;0;0m▄[48;2;0;0;0m[38;2;0;0;0m▄[48;2;0;0;0m[38;2;0;0;0m▄[48;2;0;0;0m[38;2;0;0;0m▄[48;2;0;0;0m[38;2;0;0;0m▄[48;2;0;0;0m[38;2;0;0;0m▄[48;2;0;0;0m[38;2;0;0;0m▄[48;2;0;0;0m[38;2;0;0;0m▄[48;2;0;0;0m[38;2;0;0;0m▄[48;2;0;0;0m[38;2;0;0;0m▄[48;2;0;0;0m[38;2;0;0;0m▄[48;2;0;0;0m[38;2;0;0;0m▄[48;2;0;0;0m[38;2;0;0;0m▄[48;2;0;0;0m[38;2;0;0;0m▄[48;2;0;0;0m[38;2;0;0;0m▄[48;2;0;0;0m[38;2;0;0;0m▄[48;2;0;0;0m[38;2;0;0;0m▄[48;2;0;0;0m[38;2;0;0;0m▄[48;2;0;0;0m[38;2;0;0;0m▄[48;2;0;0;0m[38;2;0;0;0m▄[48;2;0;0;0m[38;2;0;0;0m▄[48;2;0;0;0m[38;2;0;0;0m▄[48;2;0;0;0m[38;2;0;0;0m▄[48;2;0;0;0m[38;2;0;0;0m▄[48;2;0;0;0m[38;2;0;0;0m▄[48;2;0;0;0m[38;2;0;0;0m▄[48;2;0;0;0m[38;2;0;0;0m▄[48;2;0;0;0m[38;2;0;0;0m▄[m
[48;2;0;0;0m[38;2;0;0;0m▄[48;2;0;0;0m[38;2;0;0;0m▄[48;2;0;0;0m[38;2;0;0;0m▄[48;2;0;0;0m[38;2;0;0;0m▄[48;2;0;0;0m[38;2;0;0;0m▄[48;2;0;0;0m[38;2;0;0;0m▄[48;2;0;0;0m[38;2;0;0;0m▄[48;2;0;0;0m[38;2;0;0;0m▄[48;2;0;0;0m[38;2;0;0;0m▄[48;2;0;0;0m[38;2;0;0;0m▄[48;2;0;0;0m[38;2;32;30;28m▄[48;2;96;80;75m[38;2;129;95;83m▄[48;2;135;97;86m[38;2;131;91;77m▄[48;2;122;76;59m[38;2;107;59;39m▄[48;2;104;52;31m[38;2;103;51;34m▄[48;2;134;86;73m[38;2;173;127;114m▄[48;2;164;120;108m[38;2;152;113;102m▄[48;2;91;77;72m[38;2;14;13;13m▄[48;2;0;0;0m[38;2;0;0;0m▄[48;2;0;0;0m[38;2;0;0;0m▄[48;2;0;0;0m[38;2;0;0;0m▄[48;2;0;0;0m[38;2;0;0;0m▄[48;2;0;0;0m[38;2;0;0;0m▄[48;2;0;0;0m[38;2;0;0;0m▄[48;2;0;0;0m[38;2;0;0;0m▄[48;2;0;0;0m[38;2;0;0;0m▄[48;2;0;0;0m[38;2;0;0;0m▄[48;2;0;0;0m[38;2;0;0;0m▄[48;2;0;0;0m[38;2;0;0;0m▄[48;2;0;0;0m[38;2;0;0;0m▄[48;2;0;0;0m[38;2;0;0;0m▄[48;2;0;0;0m[38;2;0;0;0m▄[48;2;0;0;0m[38;2;0;0;0m▄[48;2;0;0;0m[38;2;0;0;0m▄[48;2;0;0;0m[38;2;0;0;0m▄[48;2;0;0;0m[38;2;0;0;0m▄[48;2;0;0;0m[38;2;0;0;0m▄[48;2;0;0;0m[38;2;0;0;0m▄[48;2;0;0;0m[38;2;0;0;0m▄[48;2;0;0;0m[38;2;0;0;0m▄[48;2;0;0;0m[38;2;0;0;0m▄[48;2;0;0;0m[38;2;0;0;0m▄[48;2;0;0;0m[38;2;0;0;0m▄[48;2;0;0;0m[38;2;0;0;0m▄[48;2;0;0;0m[38;2;0;0;0m▄[48;2;0;0;0m[38;2;0;0;0m▄[48;2;0;0;0m[38;2;0;0;0m▄[48;2;0;0;0m[38;2;0;0;0m▄[48;2;0;0;0m[38;2;0;0;0m▄[48;2;0;0;0m[38;2;0;0;0m▄[48;2;0;0;0m[38;2;0;0;0m▄[48;2;0;0;0m[38;2;0;0;0m▄[48;2;0;0;0m[38;2;0;0;0m▄[48;2;0;0;0m[38;2;0;0;0m▄[48;2;0;0;0m[38;2;0;0;0m▄[48;2;0;0;0m[38;2;0;0;0m▄[48;2;0;0;0m[38;2;0;0;0m▄[48;2;0;0;0m[38;2;0;0;0m▄[48;2;0;0;0m[38;2;0;0;0m▄[48;2;0;0;0m[38;2;0;0;0m▄[m
[48;2;0;0;0m[38;2;0;0;0m▄[48;2;0;0;0m[38;2;0;0;0m▄[48;2;0;0;0m[38;2;0;0;0m▄[48;2;0;0;0m[38;2;0;0;0m▄[48;2;0;0;0m[38;2;0;0;0m▄[48;2;0;0;0m[38;2;0;0;0m▄[48;2;0;0;0m[38;2;0;0;0m▄[48;2;0;0;0m[38;2;0;0;0m▄[48;2;0;0;0m[38;2;0;0;0m▄[48;2;0;0;0m[38;2;46;42;41m▄[48;2;100;83;75m[38;2;113;83;72m▄[48;2;127;89;75m[38;2;112;71;56m▄[48;2;123;74;55m[38;2;112;55;37m▄[48;2;103;49;32m[38;2;113;53;34m▄[48;2;131;83;68m[38;2;169;123;111m▄[48;2;167;122;109m[38;2;155;117;107m▄[48;2;80;67;65m[38;2;6;6;5m▄[48;2;0;0;0m[38;2;0;0;0m▄[48;2;0;0;0m[38;2;0;0;0m▄[48;2;0;0;0m[38;2;0;0;0m▄[48;2;0;0;0m[38;2;0;0;0m▄[48;2;0;0;0m[38;2;0;0;0m▄[48;2;0;0;0m[38;2;0;0;0m▄[48;2;0;0;0m[38;2;0;0;0m▄[48;2;0;0;0m[38;2;0;0;0m▄[48;2;0;0;0m[38;2;0;0;0m▄[48;2;0;0;0m[38;2;0;0;0m▄[48;2;0;0;0m[38;2;0;0;0m▄[48;2;0;0;0m[38;2;0;0;0m▄[48;2;0;0;0m[38;2;0;0;0m▄[48;2;0;0;0m[38;2;0;0;0m▄[48;2;0;0;0m[38;2;0;0;0m▄[48;2;0;0;0m[38;2;0;0;0m▄[48;2;0;0;0m[38;2;0;0;0m▄[48;2;0;0;0m[38;2;0;0;0m▄[48;2;0;0;0m[38;2;0;0;0m▄[48;2;0;0;0m[38;2;0;0;0m▄[48;2;0;0;0m[38;2;0;0;0m▄[48;2;0;0;0m[38;2;0;0;0m▄[48;2;0;0;0m[38;2;0;0;0m▄[48;2;0;0;0m[38;2;0;0;0m▄[48;2;0;0;0m[38;2;0;0;0m▄[48;2;0;0;0m[38;2;0;0;0m▄[48;2;0;0;0m[38;2;0;0;0m▄[48;2;0;0;0m[38;2;0;0;0m▄[48;2;0;0;0m[38;2;0;0;0m▄[48;2;0;0;0m[38;2;0;0;0m▄[48;2;0;0;0m[38;2;0;0;0m▄[48;2;0;0;0m[38;2;0;0;0m▄[48;2;0;0;0m[38;2;0;0;0m▄[48;2;0;0;0m[38;2;0;0;0m▄[48;2;0;0;0m[38;2;0;0;0m▄[48;2;0;0;0m[38;2;0;0;0m▄[48;2;0;0;0m[38;2;0;0;0m▄[48;2;0;0;0m[38;2;0;0;0m▄[48;2;0;0;0m[38;2;0;0;0m▄[48;2;0;0;0m[38;2;0;0;0m▄[48;2;0;0;0m[38;2;0;0;0m▄[48;2;0;0;0m[38;2;0;0;0m▄[48;2;0;0;0m[38;2;0;0;0m▄[m
[48;2;0;0;0m[38;2;0;0;0m▄[48;2;0;0;0m[38;2;0;0;0m▄[48;2;0;0;0m[38;2;0;0;0m▄[48;2;0;0;0m[38;2;0;0;0m▄[48;2;0;0;0m[38;2;0;0;0m▄[48;2;0;0;0m[38;2;0;0;0m▄[48;2;0;0;0m[38;2;0;0;0m▄[48;2;0;0;0m[38;2;0;0;0m▄[48;2;0;0;0m[38;2;21;19;18m▄[48;2;103;85;80m[38;2;115;81;69m▄[48;2;121;84;73m[38;2;120;78;63m▄[48;2;114;67;52m[38;2;105;54;37m▄[48;2;101;48;29m[38;2;107;55;39m▄[48;2;140;86;71m[38;2;158;117;104m▄[48;2;172;123;111m[38;2;155;115;101m▄[48;2;80;68;64m[38;2;0;0;0m▄[48;2;0;0;0m[38;2;0;0;0m▄[48;2;0;0;0m[38;2;0;0;0m▄[48;2;0;0;0m[38;2;0;0;0m▄[48;2;0;0;0m[38;2;0;0;0m▄[48;2;0;0;0m[38;2;0;0;0m▄[48;2;0;0;0m[38;2;0;0;0m▄[48;2;0;0;0m[38;2;0;0;0m▄[48;2;0;0;0m[38;2;0;0;0m▄[48;2;0;0;0m[38;2;0;0;0m▄[48;2;0;0;0m[38;2;0;0;0m▄[48;2;0;0;0m[38;2;0;0;0m▄[48;2;0;0;0m[38;2;0;0;0m▄[48;2;0;0;0m[38;2;0;0;0m▄[48;2;0;0;0m[38;2;0;0;0m▄[48;2;0;0;0m[38;2;0;0;0m▄[48;2;0;0;0m[38;2;0;0;0m▄[48;2;0;0;0m[38;2;0;0;0m▄[48;2;0;0;0m[38;2;0;0;0m▄[48;2;0;0;0m[38;2;0;0;0m▄[48;2;0;0;0m[38;2;0;0;0m▄[48;2;0;0;0m[38;2;0;0;0m▄[48;2;0;0;0m[38;2;0;0;0m▄[48;2;0;0;0m[38;2;0;0;0m▄[48;2;0;0;0m[38;2;0;0;0m▄[48;2;0;0;0m[38;2;0;0;0m▄[48;2;0;0;0m[38;2;0;0;0m▄[48;2;0;0;0m[38;2;0;0;0m▄[48;2;0;0;0m[38;2;0;0;0m▄[48;2;0;0;0m[38;2;0;0;0m▄[48;2;0;0;0m[38;2;0;0;0m▄[48;2;0;0;0m[38;2;0;0;0m▄[48;2;0;0;0m[38;2;0;0;0m▄[48;2;0;0;0m[38;2;0;0;0m▄[48;2;0;0;0m[38;2;0;0;0m▄[48;2;0;0;0m[38;2;0;0;0m▄[48;2;0;0;0m[38;2;0;0;0m▄[48;2;0;0;0m[38;2;0;0;0m▄[48;2;0;0;0m[38;2;0;0;0m▄[48;2;0;0;0m[38;2;0;0;0m▄[48;2;0;0;0m[38;2;0;0;0m▄[48;2;0;0;0m[38;2;0;0;0m▄[48;2;0;0;0m[38;2;0;0;0m▄[48;2;0;0;0m[38;2;0;0;0m▄[48;2;0;0;0m[38;2;0;0;0m▄[m
[48;2;0;0;0m[38;2;0;0;0m▄[48;2;0;0;0m[38;2;0;0;0m▄[48;2;0;0;0m[38;2;0;0;0m▄[48;2;0;0;0m[38;2;0;0;0m▄[48;2;0;0;0m[38;2;0;0;0m▄[48;2;0;0;0m[38;2;0;0;0m▄[48;2;0;0;0m[38;2;0;0;0m▄[48;2;0;0;0m[38;2;23;21;20m▄[48;2;89;75;71m[38;2;121;87;77m▄[48;2;118;80;66m[38;2;117;73;59m▄[48;2;117;67;49m[38;2;105;55;36m▄[48;2;105;49;30m[38;2;111;56;39m▄[48;2;134;86;71m[38;2;156;115;101m▄[48;2;165;119;107m[38;2;157;116;106m▄[48;2;93;77;72m[38;2;12;11;11m▄[48;2;0;0;0m[38;2;0;0;0m▄[48;2;0;0;0m[38;2;0;0;0m▄[48;2;0;0;0m[38;2;0;0;0m▄[48;2;0;0;0m[38;2;0;0;0m▄[48;2;0;0;0m[38;2;0;0;0m▄[48;2;0;0;0m[38;2;0;0;0m▄[48;2;0;0;0m[38;2;0;0;0m▄[48;2;0;0;0m[38;2;0;0;0m▄[48;2;0;0;0m[38;2;0;0;0m▄[48;2;0;0;0m[38;2;0;0;0m▄[48;2;0;0;0m[38;2;0;0;0m▄[48;2;0;0;0m[38;2;0;0;0m▄[48;2;0;0;0m[38;2;0;0;0m▄[48;2;0;0;0m[38;2;0;0;0m▄[48;2;0;0;0m[38;2;0;0;0m▄[48;2;0;0;0m[38;2;0;0;0m▄[48;2;0;0;0m[38;2;0;0;0m▄[48;2;0;0;0m[38;2;0;0;0m▄[48;2;0;0;0m[38;2;0;0;0m▄[48;2;0;0;0m[38;2;0;0;0m▄[48;2;0;0;0m[38;2;0;0;0m▄[48;2;0;0;0m[38;2;0;0;0m▄[48;2;0;0;0m[38;2;0;0;0m▄[48;2;0;0;0m[38;2;0;0;0m▄[48;2;0;0;0m[38;2;0;0;0m▄[48;2;0;0;0m[38;2;0;0;0m▄[48;2;0;0;0m[38;2;0;0;0m▄[48;2;0;0;0m[38;2;0;0;0m▄[48;2;0;0;0m[38;2;0;0;0m▄[48;2;0;0;0m[38;2;0;0;0m▄[48;2;0;0;0m[38;2;0;0;0m▄[48;2;0;0;0m[38;2;0;0;0m▄[48;2;0;0;0m[38;2;0;0;0m▄[48;2;0;0;0m[38;2;0;0;0m▄[48;2;0;0;0m[38;2;0;0;0m▄[48;2;0;0;0m[38;2;0;0;0m▄[48;2;0;0;0m[38;2;0;0;0m▄[48;2;0;0;0m[38;2;0;0;0m▄[48;2;0;0;0m[38;2;0;0;0m▄[48;2;0;0;0m[38;2;0;0;0m▄[48;2;0;0;0m[38;2;0;0;0m▄[48;2;0;0;0m[38;2;0;0;0m▄[48;2;0;0;0m[38;2;0;0;0m▄[48;2;0;0;0m[38;2;0;0;0m▄[48;2;0;0;0m[38;2;0;0;0m▄[m
[48;2;0;0;0m[38;2;0;0;0m▄[48;2;0;0;0m[38;2;0;0;0m▄[48;2;0;0;0m[38;2;0;0;0m▄[48;2;0;0;0m[38;2;0;0;0m▄[48;2;0;0;0m[38;2;0;0;0m▄[48;2;0;0;0m[38;2;0;0;0m▄[48;2;0;0;0m[38;2;32;29;29m▄[48;2;93;77;72m[38;2;114;82;70m▄[48;2;119;77;64m[38;2;119;72;58m▄[48;2;113;64;47m[38;2;107;57;40m▄[48;2;102;49;30m[38;2;112;59;43m▄[48;2;131;84;69m[38;2;154;108;92m▄[48;2;162;115;102m[38;2;150;117;108m▄[48;2;80;67;64m[38;2;6;6;6m▄[48;2;0;0;0m[38;2;0;0;0m▄[48;2;0;0;0m[38;2;0;0;0m▄[48;2;0;0;0m[38;2;0;0;0m▄[48;2;0;0;0m[38;2;0;0;0m▄[48;2;0;0;0m[38;2;0;0;0m▄[48;2;0;0;0m[38;2;0;0;0m▄[48;2;0;0;0m[38;2;0;0;0m▄[48;2;0;0;0m[38;2;0;0;0m▄[48;2;0;0;0m[38;2;0;0;0m▄[48;2;0;0;0m[38;2;0;0;0m▄[48;2;0;0;0m[38;2;0;0;0m▄[48;2;0;0;0m[38;2;0;0;0m▄[48;2;0;0;0m[38;2;0;0;0m▄[48;2;0;0;0m[38;2;0;0;0m▄[48;2;0;0;0m[38;2;0;0;0m▄[48;2;0;0;0m[38;2;0;0;0m▄[48;2;0;0;0m[38;2;0;0;0m▄[48;2;0;0;0m[38;2;0;0;0m▄[48;2;0;0;0m[38;2;0;0;0m▄[48;2;0;0;0m[38;2;0;0;0m▄[48;2;0;0;0m[38;2;0;0;0m▄[48;2;0;0;0m[38;2;0;0;0m▄[48;2;0;0;0m[38;2;0;0;0m▄[48;2;0;0;0m[38;2;0;0;0m▄[48;2;0;0;0m[38;2;0;0;0m▄[48;2;0;0;0m[38;2;0;0;0m▄[48;2;0;0;0m[38;2;0;0;0m▄[48;2;0;0;0m[38;2;0;0;0m▄[48;2;0;0;0m[38;2;0;0;0m▄[48;2;0;0;0m[38;2;0;0;0m▄[48;2;0;0;0m[38;2;0;0;0m▄[48;2;0;0;0m[38;2;0;0;0m▄[48;2;0;0;0m[38;2;0;0;0m▄[48;2;0;0;0m[38;2;0;0;0m▄[48;2;0;0;0m[38;2;0;0;0m▄[48;2;0;0;0m[38;2;0;0;0m▄[48;2;0;0;0m[38;2;0;0;0m▄[48;2;0;0;0m[38;2;0;0;0m▄[48;2;0;0;0m[38;2;0;0;0m▄[48;2;0;0;0m[38;2;0;0;0m▄[48;2;0;0;0m[38;2;0;0;0m▄[48;2;0;0;0m[38;2;0;0;0m▄[48;2;0;0;0m[38;2;0;0;0m▄[48;2;0;0;0m[38;2;0;0;0m▄[48;2;0;0;0m[38;2;0;0;0m▄[48;2;0;0;0m[38;2;0;0;0m▄[m
[48;2;0;0;0m[38;2;0;0;0m▄[48;2;0;0;0m[38;2;0;0;0m▄[48;2;0;0;0m[38;2;0;0;0m▄[48;2;0;0;0m[38;2;0;0;0m▄[48;2;0;0;0m[38;2;0;0;0m▄[48;2;0;0;0m[38;2;22;21;20m▄[48;2;93;77;71m[38;2;102;72;62m▄[48;2;110;70;55m[38;2;114;71;55m▄[48;2;108;59;44m[38;2;103;51;35m▄[48;2;102;50;34m[38;2;106;51;34m▄[48;2;127;76;61m[38;2;153;106;92m▄[48;2;162;115;100m[38;2;154;115;99m▄[48;2;80;68;65m[38;2;0;0;0m▄[48;2;0;0;0m[38;2;0;0;0m▄[48;2;0;0;0m[38;2;0;0;0m▄[48;2;0;0;0m[38;2;0;0;0m▄[48;2;0;0;0m[38;2;0;0;0m▄[48;2;0;0;0m[38;2;0;0;0m▄[48;2;0;0;0m[38;2;0;0;0m▄[48;2;0;0;0m[38;2;0;0;0m▄[48;2;0;0;0m[38;2;0;0;0m▄[48;2;0;0;0m[38;2;0;0;0m▄[48;2;0;0;0m[38;2;0;0;0m▄[48;2;0;0;0m[38;2;0;0;0m▄[48;2;0;0;0m[38;2;0;0;0m▄[48;2;0;0;0m[38;2;0;0;0m▄[48;2;0;0;0m[38;2;0;0;0m▄[48;2;0;0;0m[38;2;0;0;0m▄[48;2;0;0;0m[38;2;0;0;0m▄[48;2;0;0;0m[38;2;0;0;0m▄[48;2;0;0;0m[38;2;0;0;0m▄[48;2;0;0;0m[38;2;0;0;0m▄[48;2;0;0;0m[38;2;0;0;0m▄[48;2;0;0;0m[38;2;0;0;0m▄[48;2;0;0;0m[38;2;0;0;0m▄[48;2;0;0;0m[38;2;0;0;0m▄[48;2;0;0;0m[38;2;0;0;0m▄[48;2;0;0;0m[38;2;0;0;0m▄[48;2;0;0;0m[38;2;0;0;0m▄[48;2;0;0;0m[38;2;0;0;0m▄[48;2;0;0;0m[38;2;0;0;0m▄[48;2;0;0;0m[38;2;0;0;0m▄[48;2;0;0;0m[38;2;0;0;0m▄[48;2;0;0;0m[38;2;0;0;0m▄[48;2;0;0;0m[38;2;0;0;0m▄[48;2;0;0;0m[38;2;0;0;0m▄[48;2;0;0;0m[38;2;0;0;0m▄[48;2;0;0;0m[38;2;0;0;0m▄[48;2;0;0;0m[38;2;0;0;0m▄[48;2;0;0;0m[38;2;0;0;0m▄[48;2;0;0;0m[38;2;0;0;0m▄[48;2;0;0;0m[38;2;0;0;0m▄[48;2;0;0;0m[38;2;0;0;0m▄[48;2;0;0;0m[38;2;0;0;0m▄[48;2;0;0;0m[38;2;0;0;0m▄[48;2;0;0;0m[38;2;0;0;0m▄[48;2;0;0;0m[38;2;0;0;0m▄[48;2;0;0;0m[38;2;0;0;0m▄[48;2;0;0;0m[38;2;0;0;0m▄[48;2;0;0;0m[38;2;0;0;0m▄[m
[48;2;0;0;0m[38;2;0;0;0m▄[48;2;0;0;0m[38;2;0;0;0m▄[48;2;0;0;0m[38;2;0;0;0m▄[48;2;0;0;0m[38;2;0;0;0m▄[48;2;0;0;0m[38;2;0;0;0m▄[48;2;66;59;56m[38;2;134;119;108m▄[48;2;97;61;50m[38;2;149;109;89m▄[48;2;97;51;35m[38;2;99;46;27m▄[48;2;96;44;24m[38;2;96;45;28m▄[48;2;132;81;67m[38;2;155;111;98m▄[48;2;162;114;97m[38;2;156;119;106m▄[48;2;93;77;71m[38;2;12;11;10m▄[48;2;0;0;0m[38;2;0;0;0m▄[48;2;0;0;0m[38;2;0;0;0m▄[48;2;0;0;0m[38;2;0;0;0m▄[48;2;0;0;0m[38;2;0;0;0m▄[48;2;0;0;0m[38;2;0;0;0m▄[48;2;0;0;0m[38;2;0;0;0m▄[48;2;0;0;0m[38;2;0;0;0m▄[48;2;0;0;0m[38;2;0;0;0m▄[48;2;0;0;0m[38;2;0;0;0m▄[48;2;0;0;0m[38;2;0;0;0m▄[48;2;0;0;0m[38;2;0;0;0m▄[48;2;0;0;0m[38;2;0;0;0m▄[48;2;0;0;0m[38;2;0;0;0m▄[48;2;0;0;0m[38;2;0;0;0m▄[48;2;0;0;0m[38;2;0;0;0m▄[48;2;0;0;0m[38;2;0;0;0m▄[48;2;0;0;0m[38;2;0;0;0m▄[48;2;0;0;0m[38;2;0;0;0m▄[48;2;0;0;0m[38;2;0;0;0m▄[48;2;0;0;0m[38;2;0;0;0m▄[48;2;0;0;0m[38;2;0;0;0m▄[48;2;0;0;0m[38;2;0;0;0m▄[48;2;0;0;0m[38;2;0;0;0m▄[48;2;0;0;0m[38;2;0;0;0m▄[48;2;0;0;0m[38;2;0;0;0m▄[48;2;0;0;0m[38;2;0;0;0m▄[48;2;0;0;0m[38;2;0;0;0m▄[48;2;0;0;0m[38;2;0;0;0m▄[48;2;0;0;0m[38;2;0;0;0m▄[48;2;0;0;0m[38;2;0;0;0m▄[48;2;0;0;0m[38;2;0;0;0m▄[48;2;0;0;0m[38;2;0;0;0m▄[48;2;0;0;0m[38;2;0;0;0m▄[48;2;0;0;0m[38;2;0;0;0m▄[48;2;0;0;0m[38;2;0;0;0m▄[48;2;0;0;0m[38;2;0;0;0m▄[48;2;0;0;0m[38;2;0;0;0m▄[48;2;0;0;0m[38;2;0;0;0m▄[48;2;0;0;0m[38;2;0;0;0m▄[48;2;0;0;0m[38;2;0;0;0m▄[48;2;0;0;0m[38;2;0;0;0m▄[48;2;0;0;0m[38;2;0;0;0m▄[48;2;0;0;0m[38;2;0;0;0m▄[48;2;0;0;0m[38;2;0;0;0m▄[48;2;0;0;0m[38;2;0;0;0m▄[48;2;0;0;0m[38;2;0;0;0m▄[48;2;0;0;0m[38;2;0;0;0m▄[48;2;0;0;0m[38;2;0;0;0m▄[m
[48;2;0;0;0m[38;2;0;0;0m▄[48;2;0;0;0m[38;2;0;0;0m▄[48;2;0;0;0m[38;2;0;0;0m▄[48;2;0;0;0m[38;2;0;0;0m▄[48;2;23;22;21m[38;2;17;16;16m▄[48;2;208;177;154m[38;2;198;167;145m▄[48;2;223;177;145m[38;2;232;184;154m▄[48;2;217;167;133m[38;2;237;191;157m▄[48;2;178;129;104m[38;2;246;209;183m▄[48;2;176;136;123m[38;2;141;127;115m▄[48;2;73;64;60m[38;2;0;0;0m▄[48;2;0;0;0m[38;2;0;0;0m▄[48;2;0;0;0m[38;2;0;0;0m▄[48;2;0;0;0m[38;2;0;0;0m▄[48;2;0;0;0m[38;2;0;0;0m▄[48;2;0;0;0m[38;2;0;0;0m▄[48;2;0;0;0m[38;2;0;0;0m▄[48;2;0;0;0m[38;2;0;0;0m▄[48;2;0;0;0m[38;2;0;0;0m▄[48;2;0;0;0m[38;2;0;0;0m▄[48;2;0;0;0m[38;2;0;0;0m▄[48;2;0;0;0m[38;2;0;0;0m▄[48;2;0;0;0m[38;2;0;0;0m▄[48;2;0;0;0m[38;2;0;0;0m▄[48;2;0;0;0m[38;2;0;0;0m▄[48;2;0;0;0m[38;2;0;0;0m▄[48;2;0;0;0m[38;2;0;0;0m▄[48;2;0;0;0m[38;2;0;0;0m▄[48;2;0;0;0m[38;2;0;0;0m▄[48;2;0;0;0m[38;2;0;0;0m▄[48;2;0;0;0m[38;2;0;0;0m▄[48;2;0;0;0m[38;2;0;0;0m▄[48;2;0;0;0m[38;2;0;0;0m▄[48;2;0;0;0m[38;2;0;0;0m▄[48;2;0;0;0m[38;2;0;0;0m▄[48;2;0;0;0m[38;2;0;0;0m▄[48;2;0;0;0m[38;2;0;0;0m▄[48;2;0;0;0m[38;2;0;0;0m▄[48;2;0;0;0m[38;2;0;0;0m▄[48;2;0;0;0m[38;2;0;0;0m▄[48;2;0;0;0m[38;2;0;0;0m▄[48;2;0;0;0m[38;2;0;0;0m▄[48;2;0;0;0m[38;2;0;0;0m▄[48;2;0;0;0m[38;2;0;0;0m▄[48;2;0;0;0m[38;2;0;0;0m▄[48;2;0;0;0m[38;2;0;0;0m▄[48;2;0;0;0m[38;2;0;0;0m▄[48;2;0;0;0m[38;2;0;0;0m▄[48;2;0;0;0m[38;2;0;0;0m▄[48;2;0;0;0m[38;2;0;0;0m▄[48;2;0;0;0m[38;2;0;0;0m▄[48;2;0;0;0m[38;2;0;0;0m▄[48;2;0;0;0m[38;2;0;0;0m▄[48;2;0;0;0m[38;2;0;0;0m▄[48;2;0;0;0m[38;2;0;0;0m▄[48;2;0;0;0m[38;2;0;0;0m▄[48;2;0;0;0m[38;2;0;0;0m▄[48;2;0;0;0m[38;2;0;0;0m▄[48;2;0;0;0m[38;2;0;0;0m▄[48;2;0;0;0m[38;2;0;0;0m▄[m
[48;2;0;0;0m[38;2;0;0;0m▄[48;2;0;0;0m[38;2;0;0;0m▄[48;2;0;0;0m[38;2;0;0;0m▄[48;2;0;0;0m[38;2;0;0;0m▄[48;2;0;0;0m[38;2;0;0;0m▄[48;2;47;41;38m[38;2;0;0;0m▄[48;2;195;157;135m[38;2;0;0;0m▄[48;2;233;191;163m[38;2;36;34;31m▄[48;2;246;227;197m[38;2;31;30;28m▄[48;2;13;12;12m[38;2;0;0;0m▄[48;2;0;0;0m[38;2;0;0;0m▄[48;2;0;0;0m[38;2;0;0;0m▄[48;2;0;0;0m[38;2;0;0;0m▄[48;2;0;0;0m[38;2;0;0;0m▄[48;2;0;0;0m[38;2;0;0;0m▄[48;2;0;0;0m[38;2;0;0;0m▄[48;2;0;0;0m[38;2;0;0;0m▄[48;2;0;0;0m[38;2;0;0;0m▄[48;2;0;0;0m[38;2;0;0;0m▄[48;2;0;0;0m[38;2;0;0;0m▄[48;2;0;0;0m[38;2;0;0;0m▄[48;2;0;0;0m[38;2;0;0;0m▄[48;2;0;0;0m[38;2;0;0;0m▄[48;2;0;0;0m[38;2;0;0;0m▄[48;2;0;0;0m[38;2;0;0;0m▄[48;2;0;0;0m[38;2;0;0;0m▄[48;2;0;0;0m[38;2;0;0;0m▄[48;2;0;0;0m[38;2;0;0;0m▄[48;2;0;0;0m[38;2;0;0;0m▄[48;2;0;0;0m[38;2;0;0;0m▄[48;2;0;0;0m[38;2;0;0;0m▄[48;2;0;0;0m[38;2;0;0;0m▄[48;2;0;0;0m[38;2;0;0;0m▄[48;2;0;0;0m[38;2;0;0;0m▄[48;2;0;0;0m[38;2;0;0;0m▄[48;2;0;0;0m[38;2;0;0;0m▄[48;2;0;0;0m[38;2;0;0;0m▄[48;2;0;0;0m[38;2;0;0;0m▄[48;2;0;0;0m[38;2;0;0;0m▄[48;2;0;0;0m[38;2;0;0;0m▄[48;2;0;0;0m[38;2;0;0;0m▄[48;2;0;0;0m[38;2;0;0;0m▄[48;2;0;0;0m[38;2;0;0;0m▄[48;2;0;0;0m[38;2;0;0;0m▄[48;2;0;0;0m[38;2;0;0;0m▄[48;2;0;0;0m[38;2;0;0;0m▄[48;2;0;0;0m[38;2;0;0;0m▄[48;2;0;0;0m[38;2;0;0;0m▄[48;2;0;0;0m[38;2;0;0;0m▄[48;2;0;0;0m[38;2;0;0;0m▄[48;2;0;0;0m[38;2;0;0;0m▄[48;2;0;0;0m[38;2;0;0;0m▄[48;2;0;0;0m[38;2;0;0;0m▄[48;2;0;0;0m[38;2;0;0;0m▄[48;2;0;0;0m[38;2;0;0;0m▄[48;2;0;0;0m[38;2;0;0;0m▄[48;2;0;0;0m[38;2;0;0;0m▄[48;2;0;0;0m[38;2;0;0;0m▄[48;2;0;0;0m[38;2;0;0;0m▄[48;2;0;0;0m[38;2;0;0;0m▄[m
[0;38;2;0;0;0m▀[0;38;2;0;0;0m▀[0;38;2;0;0;0m▀[0;38;2;0;0;0m▀[0;38;2;0;0;0m▀[0;38;2;0;0;0m▀[0;38;2;0;0;0m▀[0;38;2;0;0;0m▀[0;38;2;0;0;0m▀[0;38;2;0;0;0m▀[0;38;2;0;0;0m▀[0;38;2;0;0;0m▀[0;38;2;0;0;0m▀[0;38;2;0;0;0m▀[0;38;2;0;0;0m▀[0;38;2;0;0;0m▀[0;38;2;0;0;0m▀[0;38;2;0;0;0m▀[0;38;2;0;0;0m▀[0;38;2;0;0;0m▀[0;38;2;0;0;0m▀[0;38;2;0;0;0m▀[0;38;2;0;0;0m▀[0;38;2;0;0;0m▀[0;38;2;0;0;0m▀[0;38;2;0;0;0m▀[0;38;2;0;0;0m▀[0;38;2;0;0;0m▀[0;38;2;0;0;0m▀[0;38;2;0;0;0m▀[0;38;2;0;0;0m▀[0;38;2;0;0;0m▀[0;38;2;0;0;0m▀[0;38;2;0;0;0m▀[0;38;2;0;0;0m▀[0;38;2;0;0;0m▀[0;38;2;0;0;0m▀[0;38;2;0;0;0m▀[0;38;2;0;0;0m▀[0;38;2;0;0;0m▀[0;38;2;0;0;0m▀[0;38;2;0;0;0m▀[0;38;2;0;0;0m▀[0;38;2;0;0;0m▀[0;38;2;0;0;0m▀[0;38;2;0;0;0m▀[0;38;2;0;0;0m▀[0;38;2;0;0;0m▀[0;38;2;0;0;0m▀[0;38;2;0;0;0m▀[0;38;2;0;0;0m▀[0;38;2;0;0;0m▀[0;38;2;0;0;0m▀[0;38;2;0;0;0m▀[0;38;2;0;0;0m▀[0;38;2;0;0;0m▀[0;38;2;0;0;0m▀[0;38;2;0;0;0m▀[0;38;2;0;0;0m▀[0;38;2;0;0;0m▀[m
[?25h